0.00000000	-0.00010069	-0.00221627	0.00000000	11.07525539	4.37815332	2.50192022	0.00000000	0.00000000	0.00000000	0.00000000	0.00000000	0.00000000	2.22637677	1.26241422	0.00000000	0.00000000	0.00000000	0.00000000	-0.02124906	27.60869217	1.38249934	353.01690674	326.53637695	
0.00000000	-0.00008301	-0.00175859	0.00000000	11.07525539	4.37815285	2.50191998	0.00000000	0.00000000	0.00000000	0.00000000	0.00000000	0.00000000	2.22637653	1.26241434	0.00000000	0.00000000	0.00000000	0.00000000	-0.01579671	11.42941093	3.37957835	356.42178345	348.84188843	
0.00000000	-0.00009628	-0.00199927	0.00000000	11.07525539	4.37815332	2.50192022	0.00000000	0.00000000	0.00000000	0.00000000	0.00000000	0.00000000	2.22637677	1.26241422	0.00000000	0.00000000	0.00000000	0.00000000	-0.01544627	12.83075047	4.40146255	358.81561279	350.58386230	
0.31045634	0.00083849	-0.00349970	0.00143125	22.66530991	6.30695629	4.38891792	2.47077942	1.33456802	0.00098458	0.00044667	0.11728751	0.05864375	3.48033261	2.30241895	0.15819646	0.15225986	0.00000000	0.00143125	-0.01465382	3.62525630	2.26540852	354.55685425	354.92813110	
5.28923512	0.00783892	0.00414616	0.01278462	62.89865875	14.24320793	10.94194221	10.94194221	3.87234974	0.00510466	0.00767996	0.60912377	0.30456188	8.25818253	3.87234974	0.98778707	4.30144739	0.00529692	0.01808154	-0.02361361	24.34741974	0.73879755	342.22244263	328.29238892	
6.63907576	0.00865360	0.00480185	0.01677662	87.52442169	16.52210617	12.37877941	12.37877941	3.49449468	0.00625209	0.01052453	1.12138200	0.56069100	9.89056683	3.49449468	0.99869174	5.64038372	0.00658856	0.02336518	-0.16909172	24.01284981	0.00000000	245.06959534	233.82514954	
6.61277533	0.00858290	0.00428125	0.01695209	88.95451355	16.62609100	12.40125656	12.40125656	3.48894596	0.00634063	0.01061146	1.16430426	0.58215213	9.99750805	3.48894596	0.99865693	5.61411762	0.00598859	0.02294068	-0.18919788	6.18048573	0.00000000	139.82061768	234.15667725	
6.58614969	0.00847999	0.00434112	0.01608112	88.40863037	16.66395569	12.96893883	12.96893883	3.74881315	0.00596900	0.01011212	1.02216089	0.51108044	9.97312164	3.74881315	0.99862063	5.58752728	0.00610353	0.02218465	-0.08009803	0.00000000	0.00000000	21.10810471	249.01086426	
6.54310560	0.00694625	0.00279887	0.01331480	71.22161102	15.67427635	11.12519550	11.12519550	3.18078232	0.00500465	0.00831015	0.86873746	0.43436873	9.00385380	3.18078232	0.99855816	5.54454803	0.00370161	0.01701641	-0.04661148	0.00000000	0.00000000	1.60469198	283.39654541	
3.84808826	0.00352892	-0.00028062	0.00629556	42.91175842	11.94453716	8.11665249	7.92370796	3.02141380	0.00276950	0.00352605	0.45754102	0.22877051	6.72925949	3.12129188	0.88442230	2.96366549	0.00256788	0.00886344	-0.02793216	0.00000000	0.00000000	3.64087200	308.45620728	
0.00000000	-0.00016459	-0.00338169	0.00000000	13.53109646	5.81059265	2.99064088	0.00000000	0.00000000	0.00000000	0.00000000	0.00000000	0.00000000	3.02183509	1.54810750	0.00000000	0.00000000	0.00000000	0.00000000	-0.02118316	0.00000000	0.00000000	27.87484550	327.39736938	
0.00000000	-0.00010490	-0.00199346	0.00000000	13.53109646	5.81059265	2.99064064	0.00000000	0.00000000	0.00000000	0.00000000	0.00000000	0.00000000	3.02183509	1.54810750	0.00000000	0.00000000	0.00000000	0.00000000	-0.01815378	0.00000000	0.00000000	110.15612030	338.50833130	
0.00000000	-0.00007243	-0.00159613	0.00000000	13.53109646	5.81059265	2.99064064	0.00000000	0.00000000	0.00000000	0.00000000	0.00000000	0.00000000	3.02183509	1.54810750	0.00000000	0.00000000	0.00000000	0.00000000	-0.01868385	0.00000000	0.00000000	189.39048767	337.53756714	
0.00000000	-0.00008733	-0.00165847	0.00000000	13.53109646	5.81059265	2.99064088	0.00000000	0.00000000	0.00000000	0.00000000	0.00000000	0.00000000	3.02183509	1.54810750	0.00000000	0.00000000	0.00000000	0.00000000	-0.01584274	0.00000000	0.00000000	217.05128479	348.70111084	
0.00000000	-0.00011128	-0.00252162	0.00000000	13.53109646	5.81059265	2.99064064	0.00000000	0.00000000	0.00000000	0.00000000	0.00000000	0.00000000	3.02183509	1.54810750	0.00000000	0.00000000	0.00000000	0.00000000	-0.01395240	0.00000000	0.00000000	241.57575989	358.65042114	
0.07550976	0.00020123	-0.00417425	0.00049645	20.78802872	6.54154205	3.94859838	1.24946213	0.74740756	0.00039193	0.00010452	0.06711245	0.03355622	3.55505800	2.14070439	0.05084734	0.02466242	0.00000000	0.00049645	-0.01420733	0.00000000	0.00000000	295.04037476	358.05902100	
5.04127216	0.00738418	0.00260081	0.01252306	63.21684647	14.59015942	10.53493690	10.53493690	3.69491863	0.00511348	0.00740958	0.69175833	0.34587917	8.52760792	3.69491863	0.97199231	4.06927872	0.00462340	0.01714646	-0.01724591	1.36912167	0.15586890	327.17663574	342.65582275	
7.07253075	0.00803550	0.00287744	0.01539993	73.58003235	15.98029804	11.19990253	11.19990253	2.98933816	0.00569770	0.00970223	0.92419153	0.46209577	9.09410667	2.98933816	0.99915189	6.07337904	0.00585603	0.02125597	-0.02257805	3.60489488	0.00000000	315.58291626	323.02932739	
7.04486799	0.00899194	0.00424539	0.01687580	82.28347015	16.65370178	12.52744102	12.52744102	3.37227345	0.00622086	0.01065493	0.97533876	0.48766938	9.74811745	3.37227345	0.99912816	6.04573631	0.00636860	0.02324440	-0.03251849	1.04515159	0.00000000	275.19555664	302.50396729	
7.01650095	0.00794796	0.00339206	0.01616007	81.31262970	16.68918610	11.75616550	11.75616550	3.06679416	0.00602380	0.01013627	1.11181164	0.55590582	9.74977207	3.06679416	0.99910301	6.01739836	0.00419025	0.02035033	-0.06917248	0.68497330	0.00000000	221.05891418	251.74728394	
6.97680140	0.00646914	0.00250838	0.01250285	63.44818878	15.25295734	10.43866348	10.43866348	2.84233308	0.00463030	0.00787255	0.76636183	0.38318092	8.46192741	2.84233308	0.99906605	5.97773504	0.00372869	0.01623154	-0.03479244	0.00000000	0.00000000	170.09205627	300.47122192	
4.16856098	0.00324726	-0.00037938	0.00583586	36.42077637	11.53872395	7.12713861	6.89637280	2.58269215	0.00252864	0.00330722	0.41091332	0.20545666	6.39948845	2.70777583	0.89372981	3.27483106	0.00188774	0.00772359	-0.01974140	0.00000000	0.00000000	236.93287659	332.86840820	
0.00000000	-0.00019153	-0.00401038	0.00000000	18.65799332	9.83040333	3.57688117	0.00000000	0.00000000	0.00000000	0.00000000	0.00000000	0.00000000	5.72101307	1.93879390	0.00000000	0.00000000	0.00000000	0.00000000	-0.01677383	0.26430136	0.00000000	328.17095947	344.40972900	
0.00000000	-0.00010489	-0.00210688	0.00000000	18.65799522	9.83040428	3.57688117	0.00000000	0.00000000	0.00000000	0.00000000	0.00000000	0.00000000	5.72101259	1.93879390	0.00000000	0.00000000	0.00000000	0.00000000	-0.01940226	24.26667976	2.92972517	355.71279907	334.17007446	
0.00000000	-0.00008734	-0.00170842	0.00000000	18.65799522	9.83040428	3.57688117	0.00000000	0.00000000	0.00000000	0.00000000	0.00000000	0.00000000	5.72101259	1.93879390	0.00000000	0.00000000	0.00000000	0.00000000	-0.02151377	29.36602402	2.19558144	354.38714600	327.58364868	
0.00000000	-0.00007764	-0.00175985	0.00000000	18.65799141	9.83040333	3.57688117	0.00000000	0.00000000	0.00000000	0.00000000	0.00000000	0.00000000	5.72101307	1.93879402	0.00000000	0.00000000	0.00000000	0.00000000	-0.01283797	1.03998625	0.52441084	351.01943970	366.47412109	
0.00000000	-0.00013168	-0.00306221	0.00000000	18.65799522	9.83040428	3.57688117	0.00000000	0.00000000	0.00000000	0.00000000	0.00000000	0.00000000	5.72101259	1.93879390	0.00000000	0.00000000	0.00000000	0.00000000	-0.01833356	24.24601746	2.28536224	354.64559937	344.53567505	
0.80900937	0.00175881	-0.00295359	0.00278910	30.19555283	10.57680321	5.82294559	3.67681670	1.82410347	0.00162961	0.00115949	0.15622398	0.07811199	6.12070656	2.98738027	0.31484804	0.49416128	0.00034021	0.00312931	-0.01717032	8.72837734	0.38839737	349.55780029	343.36984253	
5.84436941	0.00760541	0.00341389	0.01348030	70.39376831	15.22975540	11.21408367	11.21408367	3.65334201	0.00521753	0.00826278	0.79694152	0.39847076	8.92282391	3.65334201	0.99531364	4.84905672	0.00573846	0.01921876	-0.03192930	33.87658310	0.14042151	333.66308594	301.35809326	
6.67175579	0.00843585	0.00379663	0.01647835	85.12895966	16.87306786	12.37358665	12.37358665	3.44228625	0.00617965	0.01029870	1.10076571	0.55038285	10.04133320	3.44228625	0.99873382	5.67302227	0.00672951	0.02320786	-0.07394119	16.33607292	0.00000000	255.43492126	249.69378662	
6.64532614	0.00847578	0.00431175	0.01738780	99.68264008	16.97807312	13.25781536	13.25781536	3.81129050	0.00639243	0.01099537	1.29688203	0.64844102	10.42775345	3.81129050	0.99869978	5.64662552	0.00766465	0.02505245	-0.15987174	0.00000000	0.00000000	119.84645081	210.00817871	
6.61856985	0.00710176	0.00351039	0.01477315	81.06189728	16.67509651	11.66440392	11.66440392	3.20903111	0.00560021	0.00917294	1.11296582	0.55648291	9.84521294	3.20903111	0.99866462	5.61990452	0.00511357	0.01988672	-0.22403347	0.00000000	0.00000000	20.89272690	195.65533447	
6.56808472	0.00723144	0.00281899	0.01374980	76.56113434	15.86848640	11.78206539	11.78206539	3.39072132	0.00513089	0.00861891	0.90529943	0.45264971	9.26728630	3.39072132	0.99859256	5.56949139	0.00433424	0.01808404	-0.03051143	0.00000000	0.00000000	10.26351070	302.85244751	
3.80328631	0.00321213	-0.00106710	0.00594148	48.37822723	12.86063290	8.99888325	8.35519505	3.35489964	0.00272597	0.00321552	0.48661250	0.24330625	7.33725452	3.70152330	0.88232040	2.92096591	0.00277915	0.00872064	-0.02365773	0.00000000	0.00000000	78.66824341	323.59008789	
0.00000000	-0.00016499	-0.00392594	0.00000000	51.78951263	11.75970745	9.97716045	0.00000000	0.00000000	0.00000000	0.00000000	0.00000000	0.00000000	6.84039402	5.37266541	0.00000000	0.00000000	0.00000000	0.00000000	-0.01037315	0.00000000	0.00000000	92.25261688	388.35525513	
0.00000000	-0.00009192	-0.00202628	0.00000000	51.78951645	11.75970745	9.97716141	0.00000000	0.00000000	0.00000000	0.00000000	0.00000000	0.00000000	6.84039402	5.37266541	0.00000000	0.00000000	0.00000000	0.00000000	-0.02486235	0.00000000	0.00000000	115.80736542	321.42926025	
0.00000000	-0.00007441	-0.00163328	0.00000000	51.78951645	11.75970745	9.97716141	0.00000000	0.00000000	0.00000000	0.00000000	0.00000000	0.00000000	6.84039402	5.37266541	0.00000000	0.00000000	0.00000000	0.00000000	-0.02293476	0.00000000	0.00000000	141.37185669	325.52767944	
0.00000000	-0.00008657	-0.00171139	0.00000000	51.78951263	11.75970745	9.97715950	0.00000000	0.00000000	0.00000000	0.00000000	0.00000000	0.00000000	6.84039402	5.37266541	0.00000000	0.00000000	0.00000000	0.00000000	-0.01996811	0.00000000	0.00000000	148.85937500	335.18872070	
0.00000000	-0.00010306	-0.00242752	0.00000000	51.78951645	11.75970745	9.97716141	0.00000000	0.00000000	0.00000000	0.00000000	0.00000000	0.00000000	6.84039402	5.37266541	0.00000000	0.00000000	0.00000000	0.00000000	-0.02192139	5.34502077	0.00000000	280.01184082	331.26153564	
0.03721837	-0.00004179	-0.00376358	0.00015171	50.75230408	11.65909958	9.79917240	0.48715660	0.25827575	0.00012822	0.00002349	0.02156208	0.01078104	6.77184343	5.27276373	0.02788275	0.00933562	0.00000000	0.00015171	-0.02885266	45.29129410	3.73732519	353.85574341	313.73449707	
4.73586464	0.00679208	0.00195737	0.01194370	65.04495239	14.92544651	10.63683224	10.63683224	3.82561088	0.00508341	0.00686029	0.74690568	0.37345284	8.74731445	3.82561088	0.95956033	3.77630448	0.00428361	0.01622730	-0.02812357	41.95631409	3.03824282	349.53250122	311.34451294	
6.90613365	0.00885174	0.00379186	0.01673663	83.96948242	16.80928421	12.68918705	12.68918705	3.49855566	0.00617568	0.01056095	1.00683570	0.50341785	9.91128826	3.49855566	0.99899840	5.90713549	0.00724065	0.02397728	-0.03927537	8.68261909	0.00000000	286.42291260	285.78945923	
6.88015556	0.00876084	0.00321748	0.01817038	98.60603333	16.98975563	12.82991409	12.82991409	3.53428316	0.00663324	0.01153714	1.37756145	0.68878073	10.32818031	3.53428316	0.99897206	5.88118315	0.00646906	0.02463944	-0.03753959	0.00000000	0.00000000	145.93673706	290.71902466	
6.85245323	0.00847942	0.00254654	0.01636890	78.74497986	16.70826340	11.85116482	11.85116482	3.21133924	0.00611534	0.01025356	1.02891052	0.51445526	9.71584606	3.21133924	0.99894297	5.85351038	0.00394640	0.02031529	-0.01759609	0.00000000	0.00000000	63.89194870	358.88638306	
6.81368208	0.00614469	0.00063888	0.01233283	53.87413406	15.17358685	8.92882919	8.92882919	2.30526209	0.00472748	0.00760535	0.81292975	0.40646487	8.25030231	2.30526209	0.99890047	5.81478071	0.00116497	0.01349780	-0.01018802	0.00000000	0.00000000	142.74024963	395.66586304	
4.07109833	0.00312624	-0.00202333	0.00585083	38.50752640	11.65757942	7.21727705	7.05594683	2.57161903	0.00257272	0.00327811	0.44903910	0.22451955	6.44764471	2.65302610	0.89130932	3.17978907	0.00209209	0.00794292	-0.00554937	0.00000000	0.00000000	259.86282349	438.03771973	
0.00000000	-0.00019127	-0.00424498	0.00000000	11.07552814	4.36510468	2.50061822	0.00000000	0.00000000	0.00000000	0.00000000	0.00000000	0.00000000	2.22052288	1.26181042	0.00000000	0.00000000	0.00000000	0.00000000	-0.00906265	0.00293934	0.88815463	317.99572754	403.94403076	
0.00000000	-0.00012468	-0.00312454	0.00000000	11.07552814	4.36510420	2.50061822	0.00000000	0.00000000	0.00000000	0.00000000	0.00000000	0.00000000	2.22052264	1.26181042	0.00000000	0.00000000	0.00000000	0.00000000	-0.01114837	0.12619111	3.04149270	355.90493774	377.65722656	
