0.00000000	-0.00002477	-0.00053222	0.00000000	9.94534588	3.90982199	2.24921441	0.00000000	0.00000000	0.00000000	0.00000000	0.00000000	0.00000000	1.98498929	1.14060199	0.00000000	0.00000000	0.00000000	0.00000000	-0.00519502	173.18568420	1.38249934	353.01690674	180.95939636	
0.00000000	-0.00002043	-0.00042671	0.00000000	9.94534588	3.90982223	2.24921441	0.00000000	0.00000000	0.00000000	0.00000000	0.00000000	0.00000000	1.98498929	1.14060199	0.00000000	0.00000000	0.00000000	0.00000000	-0.00494904	176.41934204	3.37957835	356.42178345	183.71939087	
0.00000000	-0.00002371	-0.00049543	0.00000000	9.94534588	3.90982199	2.24921441	0.00000000	0.00000000	0.00000000	0.00000000	0.00000000	0.00000000	1.98498929	1.14060199	0.00000000	0.00000000	0.00000000	0.00000000	-0.00476714	177.66650391	4.40146255	358.81561279	185.53791809	
0.07485637	0.00018918	-0.00090198	0.00032933	20.77488518	5.66568232	4.04209757	2.31274080	1.31736183	0.00029919	0.00003014	0.10013797	0.05006899	3.10443807	2.19182324	0.06202738	0.01282899	0.00004933	0.00037866	-0.00439316	166.74687195	2.30250669	354.68954468	190.10066223	
1.27532566	0.00169094	0.00068456	0.00282469	55.98797226	12.24738216	9.98390675	9.97056103	5.31167078	0.00199295	0.00083173	0.46526128	0.23263064	7.29829836	5.31167078	0.70640630	0.56891924	0.00382180	0.00664649	-0.00536286	172.77842712	1.66789389	350.23962402	179.89808655	
1.60079551	0.00215476	0.00085911	0.00413542	82.77000427	14.91805077	12.09136105	12.09136105	6.51333761	0.00269026	0.00144516	0.86081368	0.43040684	9.58816242	6.51333761	0.79826367	0.80253190	0.00609093	0.01022635	-0.00990703	175.94493103	0.00000000	324.59191895	149.17988586	
1.59445393	0.00215116	0.00087350	0.00419518	84.47383118	15.14739990	12.18547726	12.18547726	6.58235073	0.00273180	0.00146337	0.89351261	0.44675630	9.78597832	6.58235073	0.79698032	0.79747349	0.00590696	0.01010214	-0.01839176	180.59274292	0.00000000	303.70220947	123.97580719	
1.58803403	0.00200295	0.00091960	0.00382448	82.88411713	14.85148525	12.51485538	12.51485538	6.75224924	0.00249464	0.00132984	0.78421998	0.39210999	9.47234344	6.75224924	0.79567277	0.79236132	0.00571516	0.00953963	-0.02462396	143.76133728	0.00000000	258.88156128	116.80292511	
1.57765555	0.00172705	0.00064650	0.00327931	66.28715515	13.89323330	10.64119625	10.64119625	5.63141727	0.00215920	0.00112011	0.66624582	0.33312291	8.65113735	5.63141727	0.79352695	0.78412837	0.00397442	0.00725372	-0.01149127	75.92027283	0.00000000	217.24153137	142.17079163	
0.92784059	0.00083054	-0.00007644	0.00149211	38.09472275	10.22494888	7.32317972	7.14337683	3.75144315	0.00111336	0.00037875	0.35300532	0.17650266	5.89294767	3.84624958	0.55880904	0.36903146	0.00160520	0.00309731	-0.01096575	59.65657425	0.00000000	204.06683350	144.41357422	
0.00000000	-0.00004004	-0.00084795	0.00000000	12.56832981	5.25673389	2.78693676	0.00000000	0.00000000	0.00000000	0.00000000	0.00000000	0.00000000	2.72589898	1.46950138	0.00000000	0.00000000	0.00000000	0.00000000	-0.00652210	53.12201309	0.00000000	224.31997681	169.77955627	
0.00000000	-0.00002552	-0.00050686	0.00000000	12.56832981	5.25673342	2.78693652	0.00000000	0.00000000	0.00000000	0.00000000	0.00000000	0.00000000	2.72589898	1.46950138	0.00000000	0.00000000	0.00000000	0.00000000	-0.00559563	125.75151825	0.61977208	305.52893066	176.98500061	
0.00000000	-0.00001762	-0.00037764	0.00000000	12.56832981	5.25673342	2.78693652	0.00000000	0.00000000	0.00000000	0.00000000	0.00000000	0.00000000	2.72589898	1.46950138	0.00000000	0.00000000	0.00000000	0.00000000	-0.00658430	183.75198364	0.95735216	351.63961792	169.12004089	
0.00000000	-0.00002124	-0.00039365	0.00000000	12.56832981	5.25673389	2.78693700	0.00000000	0.00000000	0.00000000	0.00000000	0.00000000	0.00000000	2.72589898	1.46950138	0.00000000	0.00000000	0.00000000	0.00000000	-0.00524794	171.92240906	0.81457025	351.72430420	180.51852417	
0.00000000	-0.00002706	-0.00058756	0.00000000	12.56832981	5.25673342	2.78693652	0.00000000	0.00000000	0.00000000	0.00000000	0.00000000	0.00000000	2.72589898	1.46950138	0.00000000	0.00000000	0.00000000	0.00000000	-0.00492515	169.52365112	1.11483240	352.16424561	183.79435730	
0.01808236	0.00005295	-0.00095545	0.00012579	19.53069878	5.96222544	3.71884108	1.19556034	0.73205119	0.00011861	0.00000717	0.06050229	0.03025115	3.22755051	2.06207013	0.01632479	0.00175757	0.00000000	0.00012579	-0.00500524	171.98011780	1.75425637	353.26275635	183.13877869	
1.20723617	0.00172206	0.00055608	0.00293944	57.61366653	12.72025108	9.83432007	9.81812477	5.28735542	0.00207775	0.00086169	0.53067243	0.26533622	7.72303391	5.28735542	0.67322433	0.53401178	0.00352829	0.00646773	-0.00516573	170.02888489	1.87486684	349.86788940	181.80763245	
1.69366276	0.00195186	0.00079201	0.00372444	68.98070526	14.25236416	10.80838394	10.80838394	5.68411922	0.00238923	0.00133521	0.71175826	0.35587913	8.94236660	5.68411922	0.81615478	0.87750804	0.00572485	0.00944929	-0.00955802	202.54957581	2.15060759	351.49008179	150.98591614	
1.68703783	0.00207284	0.00095664	0.00393732	77.09081268	14.84116936	12.06997681	12.06507111	6.36417961	0.00252295	0.00141437	0.75092089	0.37546045	9.39831638	6.36417961	0.81493270	0.87210524	0.00636161	0.01029893	-0.01299667	207.18260193	0.45167813	344.69168091	137.53140259	
1.68024540	0.00194329	0.00076291	0.00392250	77.28482819	14.97187901	11.48051739	11.48051739	6.07102489	0.00251693	0.00140557	0.85573268	0.42786634	9.59247684	6.07102489	0.81367135	0.86657393	0.00527901	0.00920151	-0.01916163	218.80918884	0.31403306	339.68551636	121.69847870	
1.67073858	0.00162525	0.00066970	0.00309333	58.54103470	13.49463558	9.90950680	9.90950680	5.13469362	0.00200454	0.00108879	0.58961403	0.29480702	8.27016830	5.13469362	0.81188381	0.85885471	0.00392380	0.00701714	-0.01326640	204.16374207	1.05631769	344.18121338	140.84136963	
0.99824768	0.00077136	-0.00008289	0.00138954	32.40217209	9.84363270	6.43163776	6.20225573	3.23459530	0.00102624	0.00036330	0.31944707	0.15972354	5.60519600	3.36816621	0.58213979	0.41610783	0.00132816	0.00271770	-0.00557552	187.14675903	4.79740572	359.42428589	177.10064697	
0.00000000	-0.00004600	-0.00095082	0.00000000	18.35516167	9.18079758	3.55541825	0.00000000	0.00000000	0.00000000	0.00000000	0.00000000	0.00000000	5.33425951	2.07035160	0.00000000	0.00000000	0.00000000	0.00000000	-0.00507719	170.34835815	0.82571602	351.54690552	182.09483337	
0.00000000	-0.00002519	-0.00049487	0.00000000	18.35516167	9.18079662	3.55541825	0.00000000	0.00000000	0.00000000	0.00000000	0.00000000	0.00000000	5.33425951	2.07035160	0.00000000	0.00000000	0.00000000	0.00000000	-0.00561221	182.41847229	3.12052488	356.25595093	176.94308472	
0.00000000	-0.00002097	-0.00040697	0.00000000	18.35516167	9.18079662	3.55541825	0.00000000	0.00000000	0.00000000	0.00000000	0.00000000	0.00000000	5.33425951	2.07035160	0.00000000	0.00000000	0.00000000	0.00000000	-0.00620560	185.10548401	2.19558144	354.38714600	171.48014832	
0.00000000	-0.00001864	-0.00039832	0.00000000	18.35516167	9.18079853	3.55541801	0.00000000	0.00000000	0.00000000	0.00000000	0.00000000	0.00000000	5.33425951	2.07035160	0.00000000	0.00000000	0.00000000	0.00000000	-0.00500309	168.59164429	0.52441084	351.01943970	182.98159790	
0.00000000	-0.00003160	-0.00071742	0.00000000	18.35516167	9.18079662	3.55541825	0.00000000	0.00000000	0.00000000	0.00000000	0.00000000	0.00000000	5.33425951	2.07035160	0.00000000	0.00000000	0.00000000	0.00000000	-0.00534938	177.53425598	2.28536224	354.64559937	179.32186890	
0.19398178	0.00039290	-0.00075789	0.00063130	27.67855453	9.56955624	5.41391945	3.28066969	1.76090634	0.00054538	0.00008592	0.12653081	0.06326541	5.50200129	3.00311732	0.14647192	0.04750986	0.00022123	0.00085253	-0.00515485	170.10861206	0.60386932	350.82373047	181.45182800	
1.40134490	0.00178148	0.00076233	0.00317747	64.63912201	13.31865597	10.55407810	10.54722214	5.66703653	0.00217544	0.00100203	0.60831457	0.30415729	8.20934391	5.66703653	0.74747771	0.65386713	0.00440018	0.00757765	-0.01070565	204.24322510	1.16764343	349.07577515	146.42126465	
1.59973347	0.00209925	0.00088076	0.00405055	80.42211151	15.08335590	12.01457596	12.00991726	6.42906237	0.00264165	0.00140890	0.84433305	0.42216653	9.66935349	6.42906237	0.79804915	0.80168402	0.00607291	0.01012346	-0.01806645	207.88949585	0.10429368	331.49255371	124.38990784	
1.59339583	0.00216652	0.00092148	0.00434357	94.57098389	15.27914906	12.93937397	12.93836212	7.11716652	0.00281049	0.00153308	0.99449420	0.49724710	10.03612137	7.11716652	0.79676539	0.79663056	0.00648251	0.01082607	-0.02630951	195.20463562	0.00000000	305.44900513	111.25151062	
1.58698010	0.00190922	0.00077612	0.00381041	77.02204132	14.93849564	11.39972496	11.39972496	6.10253525	0.00249472	0.00131569	0.85323161	0.42661580	9.59051800	6.10253525	0.79545736	0.79152304	0.00493658	0.00874699	-0.03025297	175.87831116	0.00000000	282.61892700	106.28354645	
1.57487547	0.00174292	0.00074195	0.00330843	71.30932617	14.06206799	11.25741577	11.25741577	5.99503565	0.00217334	0.00113509	0.69370925	0.34685463	8.82549095	5.99503565	0.79294258	0.78193271	0.00435274	0.00766117	-0.01443002	154.60147095	0.00000000	289.40679932	132.41928101	
0.91194040	0.00077048	-0.00016385	0.00142258	43.39591599	11.12433147	8.21583939	7.60968733	4.06342030	0.00108383	0.00033875	0.37834418	0.18917209	6.47654343	4.39506960	0.55291700	0.35902333	0.00154549	0.00296806	-0.01238442	208.44990540	0.95581138	346.23687744	139.51379395	
0.00000000	-0.00003949	-0.00083408	0.00000000	48.35948944	10.90771198	9.39535522	0.00000000	0.00000000	0.00000000	0.00000000	0.00000000	0.00000000	6.26666307	5.14056540	0.00000000	0.00000000	0.00000000	0.00000000	-0.00615369	180.33218384	0.91691494	351.74600220	172.01789856	
0.00000000	-0.00002200	-0.00045703	0.00000000	48.35948944	10.90771198	9.39535522	0.00000000	0.00000000	0.00000000	0.00000000	0.00000000	0.00000000	6.26666307	5.14056540	0.00000000	0.00000000	0.00000000	0.00000000	-0.00717371	187.33866882	0.46522015	350.77423096	164.05697632	
0.00000000	-0.00001781	-0.00038365	0.00000000	48.35948944	10.90771198	9.39535522	0.00000000	0.00000000	0.00000000	0.00000000	0.00000000	0.00000000	6.26666307	5.14056540	0.00000000	0.00000000	0.00000000	0.00000000	-0.00624592	180.75422668	0.82500082	351.65002441	171.72076416	
0.00000000	-0.00002071	-0.00041767	0.00000000	48.35948944	10.90771198	9.39535522	0.00000000	0.00000000	0.00000000	0.00000000	0.00000000	0.00000000	6.26666307	5.14056540	0.00000000	0.00000000	0.00000000	0.00000000	-0.00531210	171.82678223	0.51561928	352.59286499	179.71679688	
0.00000000	-0.00002466	-0.00058710	0.00000000	48.35948944	10.90771198	9.39535522	0.00000000	0.00000000	0.00000000	0.00000000	0.00000000	0.00000000	6.26666307	5.14056540	0.00000000	0.00000000	0.00000000	0.00000000	-0.00519113	184.97929382	5.32323980	359.29522705	180.99043274	
0.00922601	-0.00000762	-0.00095160	0.00003952	47.43912888	10.82159519	9.23550510	0.46650729	0.25311255	0.00003784	0.00000167	0.01962196	0.00981098	6.20930767	5.05097342	0.00855661	0.00066940	0.00000000	0.00003952	-0.00519600	182.95454407	4.66368389	359.56161499	181.03652954	
1.17396700	0.00158444	0.00045501	0.00283037	59.78867340	13.14300728	10.01165771	10.00223351	5.36959410	0.00201423	0.00081615	0.57716435	0.28858218	8.04670048	5.36959410	0.65808892	0.51587826	0.00356090	0.00639127	-0.00909417	207.22929382	4.13406897	356.67553711	153.98086548	
1.71195221	0.00213035	0.00101891	0.00406415	78.70886230	15.02250576	12.21580601	12.20298290	6.43410301	0.00258759	0.00147656	0.77939373	0.38969687	9.53806973	6.43410301	0.81948662	0.89246559	0.00668405	0.01074819	-0.02436263	225.65846252	0.01705612	339.89645386	114.65586853	
1.70551252	0.00213845	0.00089927	0.00445901	94.09300232	15.39239502	12.59541225	12.59541225	6.85158157	0.00281448	0.00164452	1.06606162	0.53303081	10.14388943	6.85158157	0.81832039	0.88719207	0.00673370	0.01119271	-0.02206058	181.57327271	0.00000000	296.72747803	116.69175720	
1.69864571	0.00201823	0.00069203	0.00394726	74.19528198	14.97047710	11.48553658	11.48553658	6.03448248	0.00252751	0.00141975	0.79601938	0.39800969	9.49718857	6.03448248	0.81706846	0.88157684	0.00525832	0.00920558	-0.01111594	147.55067444	0.00000000	301.13397217	152.77609253	
1.68903434	0.00152074	0.00031799	0.00305292	50.79263687	13.50183773	8.61124897	8.61124897	4.36845493	0.00198226	0.00107067	0.62867546	0.31433773	8.26999855	4.36845493	0.81529403	0.87374038	0.00310176	0.00615469	-0.00580362	181.33413696	4.82062483	353.44491577	175.31719971	
1.00917935	0.00076985	-0.00022181	0.00144342	34.77709579	10.03999996	6.65311003	6.50808001	3.41450715	0.00105735	0.00038608	0.34785518	0.17392759	5.78210545	3.48805666	0.58552194	0.42365712	0.00152902	0.00297244	-0.00574209	183.71636963	3.29329252	355.86779785	175.65040588	
0.00000000	-0.00004697	-0.00086869	0.00000000	9.94511127	3.89837623	2.24796391	0.00000000	0.00000000	0.00000000	0.00000000	0.00000000	0.00000000	1.97980142	1.14001453	0.00000000	0.00000000	0.00000000	0.00000000	-0.00533480	178.71774292	2.76385069	355.63543701	179.56871033	
0.00000000	-0.00003063	-0.00064979	0.00000000	9.94511032	3.89837623	2.24796391	0.00000000	0.00000000	0.00000000	0.00000000	0.00000000	0.00000000	1.97980142	1.14001453	0.00000000	0.00000000	0.00000000	0.00000000	-0.00528940	179.09527588	3.04770088	355.91116333	180.04780579	
