0.00000000	-0.00005124	-0.00107742	0.00000000	10.36037350	4.08114433	2.34211659	0.00000000	0.00000000	0.00000000	0.00000000	0.00000000	0.00000000	2.07325459	1.18603480	0.00000000	0.00000000	0.00000000	0.00000000	-0.00230632	139.68824768	1.38249934	353.01690674	214.45684814	
0.00000000	-0.00004226	-0.00085316	0.00000000	10.36037254	4.08114433	2.34211659	0.00000000	0.00000000	0.00000000	0.00000000	0.00000000	0.00000000	2.07325459	1.18603480	0.00000000	0.00000000	0.00000000	0.00000000	-0.00219065	142.61032104	3.37957835	356.42178345	217.52842712	
0.00000000	-0.00004904	-0.00098367	0.00000000	10.36037350	4.08114433	2.34211659	0.00000000	0.00000000	0.00000000	0.00000000	0.00000000	0.00000000	2.07325459	1.18603480	0.00000000	0.00000000	0.00000000	0.00000000	-0.00216439	145.10041809	4.40146255	358.81561279	218.10398865	
0.15495662	0.00039898	-0.00174921	0.00069117	21.50207901	5.90866852	4.17580080	2.37750649	1.33401191	0.00056836	0.00012281	0.10655034	0.05327517	3.24796987	2.24330521	0.10702863	0.04792798	0.00006878	0.00075995	-0.00196699	133.15156555	2.26749969	354.60015869	223.58940125	
2.63999104	0.00349581	0.00150020	0.00584116	59.74925613	13.30172634	10.51398563	10.51398563	4.96488285	0.00312450	0.00271665	0.53696954	0.26848477	7.95575953	4.96488285	0.91094959	1.72904146	0.00614160	0.01198276	-0.00260691	141.09069824	1.27967155	347.01257324	208.40469360	
3.31373048	0.00431457	0.00165755	0.00837059	85.60526276	15.92679977	12.31387424	12.31387424	5.39483404	0.00403724	0.00433335	0.99943984	0.49971992	10.16509342	5.39483404	0.96361953	2.35011077	0.00877759	0.01714819	-0.00480321	118.79562378	0.00000000	288.84466553	171.92355347	
3.30060363	0.00436108	0.00171472	0.00856445	87.14981079	16.15065575	12.37142467	12.37142467	5.41868639	0.00414163	0.00442282	1.03740764	0.51870382	10.35886955	5.41868639	0.96313870	2.33746457	0.00832125	0.01688570	-0.00796349	87.44979095	0.00000000	229.28308105	144.01280212	
3.28731346	0.00418314	0.00182789	0.00796463	86.16999054	15.88782501	12.79922390	12.79922390	5.67283916	0.00384150	0.00412312	0.91051555	0.45525777	10.08815098	5.67283916	0.96264577	2.32466817	0.00815323	0.01611785	-0.00732562	16.60324860	0.00000000	142.27461243	154.72227478	
3.26583004	0.00357356	0.00130318	0.00678614	69.19971466	14.90820789	10.93986225	10.93986225	4.77531099	0.00331627	0.00346987	0.77353847	0.38676924	9.18862057	4.77531099	0.96182305	2.30400634	0.00552112	0.01230725	-0.00322425	0.00000000	0.00000000	64.37567902	195.98472595	
1.92067826	0.00169909	-0.00027550	0.00306237	40.53919220	11.07545662	7.72678947	7.54215527	3.59772539	0.00179296	0.00126942	0.40254360	0.20127180	6.40060282	3.69458818	0.76564562	1.15503275	0.00260387	0.00566624	-0.00246422	0.00000000	0.00000000	32.34010696	211.56954956	
0.00000000	-0.00008282	-0.00173345	0.00000000	12.92092609	5.45470238	2.86183906	0.00000000	0.00000000	0.00000000	0.00000000	0.00000000	0.00000000	2.83179712	1.50137699	0.00000000	0.00000000	0.00000000	0.00000000	-0.00207753	0.00000000	0.00000000	47.97868347	220.48818970	
0.00000000	-0.00005278	-0.00100323	0.00000000	12.92092609	5.45470190	2.86183906	0.00000000	0.00000000	0.00000000	0.00000000	0.00000000	0.00000000	2.83179688	1.50137699	0.00000000	0.00000000	0.00000000	0.00000000	-0.00204160	0.00000000	0.00000000	130.25994873	221.52958679	
0.00000000	-0.00003644	-0.00080533	0.00000000	12.92092609	5.45470190	2.86183906	0.00000000	0.00000000	0.00000000	0.00000000	0.00000000	0.00000000	2.83179688	1.50137699	0.00000000	0.00000000	0.00000000	0.00000000	-0.00221548	0.18241845	0.00000000	209.49427795	216.95123291	
0.00000000	-0.00004393	-0.00081397	0.00000000	12.92092609	5.45470285	2.86183906	0.00000000	0.00000000	0.00000000	0.00000000	0.00000000	0.00000000	2.83179712	1.50137699	0.00000000	0.00000000	0.00000000	0.00000000	-0.00210918	16.67750168	0.00000000	237.15512085	219.56510925	
0.00000000	-0.00005597	-0.00119778	0.00000000	12.92092609	5.45470190	2.86183906	0.00000000	0.00000000	0.00000000	0.00000000	0.00000000	0.00000000	2.83179688	1.50137699	0.00000000	0.00000000	0.00000000	0.00000000	-0.00196362	36.96587753	0.00000000	261.67959595	223.63778687	
0.03705694	0.00010419	-0.00196554	0.00025302	19.99204826	6.16971779	3.80378079	1.21563447	0.74110723	0.00022456	0.00002847	0.06278726	0.03139363	3.34494448	2.09597301	0.03021028	0.00684666	0.00000000	0.00025302	-0.00194327	89.22665405	0.00000000	315.24676514	224.39581299	
2.47403932	0.00355208	0.00124158	0.00605440	60.62801361	13.68040276	10.21796417	10.21796417	4.83777475	0.00329864	0.00275576	0.60912424	0.30456212	8.30968857	4.83777475	0.87679213	1.59724736	0.00534016	0.01139456	-0.00193473	118.45209503	1.10206664	342.27664185	224.91638184	
3.47089410	0.00408505	0.00156512	0.00774391	71.69990540	15.23999405	11.05290222	11.05290222	4.71103430	0.00369066	0.00405325	0.82456625	0.41228312	9.42842960	4.71103430	0.96891057	2.50198340	0.00789029	0.01563420	-0.00319340	148.46308899	1.16136861	343.81445312	196.29850769	
3.45731688	0.00440719	0.00200331	0.00827660	80.16474152	15.87559032	12.35481358	12.35481358	5.29028416	0.00393265	0.00434395	0.86995935	0.43497968	9.97593880	5.29028416	0.96848559	2.48883200	0.00879881	0.01707541	-0.00424734	143.46911621	0.00000000	323.37774658	179.96400452	
3.44339705	0.00412503	0.00162087	0.00822456	79.67939758	15.95319271	11.65851593	11.65851593	4.94036722	0.00393326	0.00429130	0.99141163	0.49570581	10.09588814	4.94036722	0.96804386	2.47535348	0.00686817	0.01509273	-0.00678681	155.60998535	0.00000000	306.25350952	151.78205872	
3.42391443	0.00340089	0.00140382	0.00643091	61.41199493	14.49394894	10.23170757	10.23170757	4.35979557	0.00309348	0.00333743	0.68311924	0.34155962	8.75105000	4.35979557	0.96740931	2.45650506	0.00533841	0.01176932	-0.00346228	91.27413177	0.00000000	288.01449585	196.14759827	
2.04575038	0.00159067	-0.00014257	0.00286062	34.44657516	10.67259407	6.79052162	6.56054306	3.10872102	0.00165265	0.00120797	0.36200103	0.18100052	6.08042288	3.23968434	0.78104472	1.26470542	0.00206644	0.00492706	-0.00214607	128.88157654	3.44260526	345.20547485	218.64639282	
0.00000000	-0.00009447	-0.00190306	0.00000000	18.46881676	9.41486740	3.56466126	0.00000000	0.00000000	0.00000000	0.00000000	0.00000000	0.00000000	5.47828817	2.02992654	0.00000000	0.00000000	0.00000000	0.00000000	-0.00199337	129.65182495	0.82433975	351.54525757	222.78695679	
0.00000000	-0.00005172	-0.00100612	0.00000000	18.46881676	9.41486645	3.56466103	0.00000000	0.00000000	0.00000000	0.00000000	0.00000000	0.00000000	5.47828817	2.02992654	0.00000000	0.00000000	0.00000000	0.00000000	-0.00219785	141.98988342	3.12052488	356.25595093	217.37165833	
0.00000000	-0.00004305	-0.00083169	0.00000000	18.46881676	9.41486645	3.56466103	0.00000000	0.00000000	0.00000000	0.00000000	0.00000000	0.00000000	5.47828817	2.02992654	0.00000000	0.00000000	0.00000000	0.00000000	-0.00228364	141.57742310	2.19558144	354.38714600	215.00822449	
0.00000000	-0.00003825	-0.00079522	0.00000000	18.46881676	9.41486835	3.56466126	0.00000000	0.00000000	0.00000000	0.00000000	0.00000000	0.00000000	5.47828817	2.02992654	0.00000000	0.00000000	0.00000000	0.00000000	-0.00192933	126.91748810	0.52441084	351.01943970	224.65574646	
0.00000000	-0.00006485	-0.00146688	0.00000000	18.46881676	9.41486645	3.56466103	0.00000000	0.00000000	0.00000000	0.00000000	0.00000000	0.00000000	5.47828817	2.02992654	0.00000000	0.00000000	0.00000000	0.00000000	-0.00204831	135.56439209	2.28536224	354.64559937	221.29168701	
0.40688658	0.00082549	-0.00145638	0.00132366	28.75671387	9.97600365	5.59350157	3.45470452	1.81728756	0.00098470	0.00033896	0.13870272	0.06935136	5.75857687	3.03524351	0.23588267	0.17100391	0.00039146	0.00171512	-0.00198188	127.85603333	0.52107829	350.34890747	223.22482300	
2.93939185	0.00371450	0.00152976	0.00663386	67.90766907	14.37951088	10.93929672	10.93929672	5.01546907	0.00339141	0.00324245	0.70621085	0.35310543	8.84231091	5.01546907	0.94059449	1.99879718	0.00669781	0.01333167	-0.00382960	159.02851868	0.64880395	343.86706543	186.26083374	
3.35552120	0.00432605	0.00166298	0.00839308	83.26033020	16.12424660	12.24559593	12.24559593	5.29877901	0.00404179	0.00435129	0.98285419	0.49142709	10.25374222	5.29877901	0.96510869	2.39041257	0.00870864	0.01710172	-0.00585623	141.73289490	0.00000000	301.85852051	162.06044006	
3.34222770	0.00454162	0.00176465	0.00910437	97.65451050	16.26808357	13.14676189	13.14676189	5.86223412	0.00432484	0.00477953	1.15765774	0.57882887	10.62255669	5.86223412	0.96464163	2.37758636	0.00925684	0.01836120	-0.00711470	76.70175934	0.00000000	227.74053955	153.65931702	
3.32877135	0.00386730	0.00175581	0.00781169	79.46261597	15.94762325	11.57407665	11.57407665	4.98623657	0.00379214	0.00401955	0.99322283	0.49661142	10.12671947	4.98623657	0.96416265	2.36460853	0.00689513	0.01470682	-0.02551449	59.57677841	0.00000000	160.22702026	101.50417328	
3.30337977	0.00350368	0.00164866	0.00674024	74.44957733	15.10563374	11.58419704	11.58419704	5.06939459	0.00326046	0.00347978	0.80752587	0.40376294	9.40925884	5.06939459	0.96322227	2.34015822	0.00639169	0.01313193	-0.01050652	6.82955265	0.00000000	127.85121918	131.60577393	
1.91284084	0.00159522	-0.00032834	0.00295823	45.92602158	11.98509121	8.61882591	7.99853516	3.92085576	0.00178251	0.00117571	0.42961851	0.21480925	6.98879719	4.25880480	0.76382285	1.14901793	0.00257275	0.00553098	-0.00659897	38.57261658	0.00000000	193.14620972	154.78860474	
0.00000000	-0.00008228	-0.00171003	0.00000000	49.64078140	11.22255421	9.61451340	0.00000000	0.00000000	0.00000000	0.00000000	0.00000000	0.00000000	6.47775412	5.23821068	0.00000000	0.00000000	0.00000000	0.00000000	-0.00372886	22.35445786	0.00000000	211.52322388	187.93898010	
0.00000000	-0.00004585	-0.00100607	0.00000000	49.64077759	11.22255516	9.61451244	0.00000000	0.00000000	0.00000000	0.00000000	0.00000000	0.00000000	6.47775412	5.23821020	0.00000000	0.00000000	0.00000000	0.00000000	-0.00242041	23.20876884	0.00000000	235.07803345	211.56015015	
0.00000000	-0.00003712	-0.00082976	0.00000000	49.64077759	11.22255516	9.61451244	0.00000000	0.00000000	0.00000000	0.00000000	0.00000000	0.00000000	6.47775412	5.23821020	0.00000000	0.00000000	0.00000000	0.00000000	-0.00192272	34.88943481	0.00000000	260.64236450	224.92805481	
0.00000000	-0.00004319	-0.00086119	0.00000000	49.64078140	11.22255421	9.61451435	0.00000000	0.00000000	0.00000000	0.00000000	0.00000000	0.00000000	6.47775412	5.23821115	0.00000000	0.00000000	0.00000000	0.00000000	-0.00185090	39.01008987	0.00000000	268.13003540	227.03941345	
0.00000000	-0.00005142	-0.00121024	0.00000000	49.64077759	11.22255516	9.61451244	0.00000000	0.00000000	0.00000000	0.00000000	0.00000000	0.00000000	6.47775412	5.23821020	0.00000000	0.00000000	0.00000000	0.00000000	-0.00173392	122.62948608	2.95354724	351.18753052	230.49317932	
0.01900896	-0.00001769	-0.00193484	0.00008001	48.67662048	11.13107872	9.44774723	0.47420055	0.25545198	0.00007326	0.00000675	0.02032368	0.01016184	6.41634464	5.14444876	0.01632101	0.00268795	0.00000000	0.00008001	-0.00173918	133.51426697	4.66273260	359.55435181	230.47392273	
2.41880131	0.00331577	0.00088504	0.00589927	62.57353592	14.07797527	10.34583950	10.34583950	4.86285639	0.00326064	0.00263864	0.66274029	0.33137015	8.59613705	4.86285639	0.86269140	1.55610967	0.00522553	0.01112480	-0.00335564	164.34138489	3.58857703	353.70794678	193.50892639	
3.52724719	0.00439970	0.00192161	0.00838844	81.88850403	16.06956673	12.51559734	12.51559734	5.33138180	0.00394309	0.00444535	0.90377957	0.45188978	10.11754990	5.33138180	0.97061414	2.55663323	0.00947893	0.01786737	-0.00743133	169.01895142	0.00000000	315.61361694	148.09283447	
3.51397824	0.00442148	0.00167954	0.00920899	96.84249115	16.33144760	12.75334835	12.75334835	5.54146814	0.00428786	0.00492113	1.23623908	0.61811954	10.64251709	5.54146814	0.97022158	2.54375720	0.00925059	0.01845958	-0.00606980	73.57057953	0.00000000	228.26498413	158.04931641	
3.49983025	0.00415715	0.00147976	0.00813251	76.95302582	15.98804283	11.72086620	11.72086620	4.95153236	0.00386336	0.00426915	0.92311865	0.46155933	10.01170731	4.95153236	0.96979719	2.53003263	0.00707841	0.01521091	-0.00296697	8.28575993	0.00000000	193.77143860	209.64926147	
3.48002791	0.00320865	0.00085700	0.00638899	52.64371109	14.47743702	8.81193733	8.81193733	3.57266736	0.00310528	0.00328371	0.72908378	0.36454189	8.65939999	3.57266736	0.96918762	2.51084018	0.00373980	0.01012878	-0.00175766	66.02230835	0.66010696	292.50192261	229.75653076	
2.07927752	0.00154587	-0.00046716	0.00292201	36.75500488	10.86658001	6.95539808	6.80437422	3.18631101	0.00167739	0.00124462	0.39734244	0.19867122	6.24104977	3.26279163	0.78465694	1.29462063	0.00238592	0.00530793	-0.00195860	133.72215271	2.88631511	354.64361572	223.86135864	
0.00000000	-0.00009724	-0.00176697	0.00000000	10.36039162	4.06915283	2.34086323	0.00000000	0.00000000	0.00000000	0.00000000	0.00000000	0.00000000	2.06784463	1.18544924	0.00000000	0.00000000	0.00000000	0.00000000	-0.00186786	131.75289917	2.76250863	355.63409424	226.52949524	
0.00000000	-0.00006340	-0.00132983	0.00000000	10.36039066	4.06915283	2.34086347	0.00000000	0.00000000	0.00000000	0.00000000	0.00000000	0.00000000	2.06784463	1.18544912	0.00000000	0.00000000	0.00000000	0.00000000	-0.00179757	130.47796631	3.04770088	355.91116333	228.66511536	
