0.00000000	-0.00002605	-0.00056579	0.00000000	9.94789696	3.91087317	2.24978614	0.00000000	0.00000000	0.00000000	0.00000000	0.00000000	0.00000000	1.98553061	1.14088309	0.00000000	0.00000000	0.00000000	0.00000000	-0.00337755	168.83062744	1.38249934	353.01690674	185.31445312	
0.00000000	-0.00002165	-0.00047502	0.00000000	9.94789600	3.91087317	2.24978614	0.00000000	0.00000000	0.00000000	0.00000000	0.00000000	0.00000000	1.98553061	1.14088285	0.00000000	0.00000000	0.00000000	0.00000000	-0.00317058	170.87422180	3.37957835	356.42178345	189.26454163	
0.00000000	-0.00002522	-0.00057286	0.00000000	9.94789696	3.91087317	2.24978614	0.00000000	0.00000000	0.00000000	0.00000000	0.00000000	0.00000000	1.98553061	1.14088309	0.00000000	0.00000000	0.00000000	0.00000000	-0.00319594	174.86828613	4.40146255	358.81561279	188.33607483	
0.12491234	0.00029809	-0.00072095	0.00049583	24.21826172	6.26562786	4.61394072	3.03639436	1.72259688	0.00043683	0.00005900	0.13333496	0.06666748	3.49332809	2.52121472	0.09802036	0.02689197	0.00016504	0.00066087	-0.00297981	164.34165955	2.26669955	354.60589600	192.39323425	
1.41544867	0.00173692	0.00079005	0.00294427	56.50847626	12.39502811	10.06138706	10.05107403	5.30262280	0.00201318	0.00093109	0.47430462	0.23715231	7.39620447	5.30262280	0.74660671	0.66884196	0.00431930	0.00726357	-0.00390103	173.61683655	1.60521865	349.90878296	178.69230652	
1.69422340	0.00218471	0.00091515	0.00424145	82.99929047	14.99571514	12.11065102	12.11065102	6.45838261	0.00270292	0.00153852	0.87061900	0.43530950	9.64227867	6.45838261	0.81625777	0.87796569	0.00645836	0.01069980	-0.00674473	172.10882568	0.00000000	322.21490479	150.72341919	
1.68751156	0.00214255	0.00094562	0.00425293	84.69077301	15.22465611	12.20187664	12.20187664	6.52380800	0.00271330	0.00153963	0.90367901	0.45183951	9.84012413	6.52380800	0.81502038	0.87249130	0.00631448	0.01056742	-0.01762618	188.43553162	0.00000000	299.27395630	111.77476501	
1.68071723	0.00201059	0.00092471	0.00389363	83.14891052	14.93100548	12.53906727	12.53906727	6.70173883	0.00248778	0.00140584	0.79313326	0.39656663	9.52841377	6.70173883	0.81375927	0.86695796	0.00609266	0.00998629	-0.01803177	131.55041504	0.00000000	251.76623535	121.98347473	
1.66973305	0.00177300	0.00060183	0.00339298	66.51940918	13.97079754	10.66616344	10.66616344	5.59294033	0.00218915	0.00120383	0.67380559	0.33690280	8.70160866	5.59294033	0.81168789	0.85804504	0.00420235	0.00759533	-0.00470494	39.15984344	0.00000000	207.78424072	169.53469849	
0.98199242	0.00085424	-0.00019083	0.00154799	38.26614761	10.28308868	7.35169792	7.17162132	3.74952507	0.00113779	0.00041020	0.35623288	0.17811644	5.92979765	3.84445238	0.57645357	0.40553895	0.00170876	0.00325675	-0.00407238	16.84636688	0.00000000	193.39271545	176.57473755	
0.00000000	-0.00004237	-0.00097256	0.00000000	12.58825588	5.26777792	2.79117823	0.00000000	0.00000000	0.00000000	0.00000000	0.00000000	0.00000000	2.73181081	1.47137821	0.00000000	0.00000000	0.00000000	0.00000000	-0.00339345	26.75184250	0.00000000	213.36450195	185.19429016	
0.00000000	-0.00002721	-0.00061281	0.00000000	12.58825588	5.26777792	2.79117799	0.00000000	0.00000000	0.00000000	0.00000000	0.00000000	0.00000000	2.73181081	1.47137821	0.00000000	0.00000000	0.00000000	0.00000000	-0.00336381	105.99156952	0.32668212	295.21148682	185.84136963	
0.00000000	-0.00001875	-0.00045004	0.00000000	12.58825588	5.26777792	2.79117799	0.00000000	0.00000000	0.00000000	0.00000000	0.00000000	0.00000000	2.73181081	1.47137821	0.00000000	0.00000000	0.00000000	0.00000000	-0.00382694	173.62664795	0.89704019	351.57925415	179.06445312	
0.00000000	-0.00002266	-0.00047967	0.00000000	12.58825588	5.26777792	2.79117823	0.00000000	0.00000000	0.00000000	0.00000000	0.00000000	0.00000000	2.73181081	1.47137821	0.00000000	0.00000000	0.00000000	0.00000000	-0.00340211	167.58337402	0.81457025	351.72430420	184.85746765	
0.00000000	-0.00002904	-0.00073847	0.00000000	12.58825588	5.26777792	2.79117799	0.00000000	0.00000000	0.00000000	0.00000000	0.00000000	0.00000000	2.73181081	1.47137821	0.00000000	0.00000000	0.00000000	0.00000000	-0.00308288	162.90348816	1.11483240	352.16424561	190.41448975	
0.15108153	0.00035428	-0.00060393	0.00059402	29.35055733	7.10068703	5.05979013	3.18039060	1.88469648	0.00050275	0.00009127	0.17024793	0.08512396	4.03252506	2.86648297	0.11612160	0.03495993	0.00033167	0.00092569	-0.00300968	162.51373291	1.74057198	352.55526733	192.06982422	
1.46322298	0.00187016	0.00076586	0.00325651	58.35981750	12.99615574	9.93927765	9.92775345	5.24043798	0.00219070	0.00106581	0.54918849	0.27459425	7.90633631	5.24043798	0.75904417	0.70417887	0.00427620	0.00753271	-0.00331005	162.83174133	1.63312399	348.60855103	187.36058044	
1.73347533	0.00199986	0.00080357	0.00381107	69.07276917	14.28428745	10.81720066	10.81720066	5.66510248	0.00242378	0.00138729	0.71509922	0.35754961	8.96288967	5.66510248	0.82333028	0.91014516	0.00581439	0.00962547	-0.00509112	188.82185364	2.09909153	351.24224854	164.38607788	
1.72660840	0.00212350	0.00096579	0.00402756	77.19450378	14.87446022	12.08014202	12.07568264	6.34345484	0.00255866	0.00146890	0.75443697	0.37721848	9.42115974	6.34345484	0.82211274	0.90449542	0.00646373	0.01049129	-0.00679371	193.82038879	0.41646421	344.31027222	150.46902466	
1.71965647	0.00197607	0.00077267	0.00398741	77.36616516	15.00352001	11.48710537	11.48710537	6.04749107	0.00253702	0.00145039	0.85973585	0.42986792	9.61360550	6.04749107	0.82087189	0.89878446	0.00538293	0.00937034	-0.01065242	207.00706482	0.29679900	339.36151123	133.16958618	
1.70653927	0.00170195	0.00061146	0.00321341	58.63267899	13.52413082	9.92027092	9.92027092	5.12211847	0.00206553	0.00114788	0.59217560	0.29608780	8.28871441	5.12211847	0.81848228	0.88805699	0.00392989	0.00714330	-0.00358661	161.60507202	1.02823949	343.56970215	182.75047302	
0.98818135	0.00076972	-0.00015913	0.00138874	32.37553406	9.83245182	6.42686319	6.19750071	3.23397827	0.00102835	0.00036039	0.31891403	0.15945701	5.59837723	3.36762071	0.57785189	0.41032940	0.00130646	0.00269520	-0.00375531	184.65202332	4.79781771	359.42825317	179.59756470	
0.00000000	-0.00004758	-0.00105426	0.00000000	18.35165024	9.17374992	3.55511308	0.00000000	0.00000000	0.00000000	0.00000000	0.00000000	0.00000000	5.32986498	2.07146049	0.00000000	0.00000000	0.00000000	0.00000000	-0.00328811	165.56570435	0.82575250	351.54693604	186.87760925	
0.00000000	-0.00002648	-0.00062351	0.00000000	18.35164833	9.17374897	3.55511308	0.00000000	0.00000000	0.00000000	0.00000000	0.00000000	0.00000000	5.32986498	2.07146025	0.00000000	0.00000000	0.00000000	0.00000000	-0.00366601	178.30239868	3.12052488	356.25595093	181.05915833	
0.00000000	-0.00002186	-0.00050423	0.00000000	18.35164833	9.17374897	3.55511308	0.00000000	0.00000000	0.00000000	0.00000000	0.00000000	0.00000000	5.32986498	2.07146025	0.00000000	0.00000000	0.00000000	0.00000000	-0.00356377	173.97732544	2.19558144	354.38714600	182.60830688	
0.00000000	-0.00001935	-0.00046810	0.00000000	18.35165215	9.17375088	3.55511284	0.00000000	0.00000000	0.00000000	0.00000000	0.00000000	0.00000000	5.32986498	2.07146049	0.00000000	0.00000000	0.00000000	0.00000000	-0.00312025	161.77523804	0.52441084	351.01943970	189.79800415	
0.00000000	-0.00003262	-0.00079560	0.00000000	18.35164833	9.17374897	3.55511308	0.00000000	0.00000000	0.00000000	0.00000000	0.00000000	0.00000000	5.32986498	2.07146025	0.00000000	0.00000000	0.00000000	0.00000000	-0.00350939	173.67222595	2.28536224	354.64559937	183.18389893	
0.41720036	0.00070852	-0.00035562	0.00112184	34.37371445	10.03056717	6.62199306	5.19994783	2.79513645	0.00091109	0.00021075	0.20814390	0.10407195	5.77920532	3.62372112	0.28236389	0.13483645	0.00070678	0.00182862	-0.00321022	161.82624817	0.44983548	349.59899902	188.39700317	
1.59891713	0.00189355	0.00089350	0.00343128	65.28022766	13.50833035	10.63429642	10.63179874	5.61759377	0.00224911	0.00118218	0.62391055	0.31195527	8.33765507	5.61759377	0.79583108	0.80308598	0.00503671	0.00846799	-0.00663496	195.96546936	1.04861104	348.42858887	153.91532898	
1.70106637	0.00216386	0.00097145	0.00420626	80.66591644	15.16870689	12.03584194	12.03206921	6.37024450	0.00268290	0.00152336	0.85475564	0.42737782	9.72838402	6.37024450	0.81751090	0.88355577	0.00642519	0.01063144	-0.01269610	200.19111633	0.06636082	330.20693970	130.85050964	
1.69432783	0.00220485	0.00097673	0.00447621	94.83609772	15.36035156	12.95869064	12.95869064	7.05103350	0.00283162	0.00164459	1.00675774	0.50337887	10.09497452	7.05103350	0.81627703	0.87805092	0.00689591	0.01137212	-0.02092932	185.64817810	0.00000000	300.20730591	115.68312073	
1.68750560	0.00194538	0.00081791	0.00393106	77.23234558	15.02117157	11.41614628	11.41614628	6.04271317	0.00251813	0.00141293	0.86374158	0.43187079	9.64640617	6.04271317	0.81501931	0.87248653	0.00525135	0.00918241	-0.02205712	163.62283325	0.00000000	274.25772095	110.26576996	
1.67241776	0.00182920	0.00071692	0.00348088	71.57192993	14.14511776	11.28598309	11.28598309	5.95218229	0.00223693	0.00124395	0.70206654	0.35103327	8.88152885	5.95218229	0.81216890	0.86024863	0.00456584	0.00804672	-0.00498038	110.64529419	0.00000000	278.36712646	165.41578674	
0.95381397	0.00080206	-0.00028197	0.00148419	43.52777863	11.16825485	8.23703575	7.63039780	4.06218815	0.00111708	0.00036711	0.38087469	0.19043735	6.50406885	4.39406395	0.56636745	0.38744646	0.00160387	0.00308807	-0.00466401	177.14387512	0.56642205	345.56854248	169.38993835	
0.00000000	-0.00004153	-0.00090309	0.00000000	48.40331650	10.91841698	9.40289021	0.00000000	0.00000000	0.00000000	0.00000000	0.00000000	0.00000000	6.27381945	5.14407921	0.00000000	0.00000000	0.00000000	0.00000000	-0.00496425	187.88365173	0.90059727	351.66439819	164.35208130	
0.00000000	-0.00002322	-0.00050683	0.00000000	48.40331650	10.91841793	9.40289021	0.00000000	0.00000000	0.00000000	0.00000000	0.00000000	0.00000000	6.27381945	5.14407873	0.00000000	0.00000000	0.00000000	0.00000000	-0.00586907	195.62623596	0.46522015	350.77423096	155.76943970	
0.00000000	-0.00001888	-0.00045570	0.00000000	48.40331650	10.91841793	9.40289021	0.00000000	0.00000000	0.00000000	0.00000000	0.00000000	0.00000000	6.27381945	5.14407873	0.00000000	0.00000000	0.00000000	0.00000000	-0.00411605	177.60029602	0.82500082	351.65002441	174.87469482	
0.00000000	-0.00002208	-0.00052859	0.00000000	48.40331650	10.91841698	9.40289021	0.00000000	0.00000000	0.00000000	0.00000000	0.00000000	0.00000000	6.27381945	5.14407969	0.00000000	0.00000000	0.00000000	0.00000000	-0.00369746	170.86796570	0.51561928	352.59286499	180.67562866	
0.00000000	-0.00002596	-0.00066652	0.00000000	48.40331650	10.91841793	9.40289021	0.00000000	0.00000000	0.00000000	0.00000000	0.00000000	0.00000000	6.27381945	5.14407873	0.00000000	0.00000000	0.00000000	0.00000000	-0.00342873	181.54838562	5.32323980	359.29522705	184.42134094	
0.15852980	0.00030154	-0.00064159	0.00051362	46.64432144	10.94322109	8.84161472	2.57302165	1.43941832	0.00043739	0.00007622	0.14483596	0.07241798	6.36172199	4.86880493	0.12038554	0.03814426	0.00022990	0.00074351	-0.00346584	179.63215637	4.61617279	359.44171143	184.21636963	
1.53535938	0.00172666	0.00068588	0.00320353	61.06855011	13.52912331	10.19294357	10.19180870	5.32749939	0.00212434	0.00107919	0.60394424	0.30197212	8.29895592	5.32749939	0.77487814	0.76048124	0.00475736	0.00796089	-0.00877856	219.64843750	3.90392852	355.39749146	140.04322815	
1.81893587	0.00209871	0.00109443	0.00409570	78.98764801	15.11065578	12.24348545	12.23236084	6.37731981	0.00254874	0.00154695	0.78905314	0.39452657	9.59821987	6.37731981	0.83780128	0.98113400	0.00718249	0.01127819	-0.03057521	241.52586365	0.00000000	338.37774658	97.30478668	
1.81172967	0.00221285	0.00085990	0.00464789	94.33601379	15.47157383	12.61090279	12.61090279	6.77876806	0.00286703	0.00178086	1.07920659	0.53960329	10.19871998	6.77876806	0.83662826	0.97510123	0.00708689	0.01173478	-0.00818898	152.85942078	0.00000000	292.56594849	141.37159729	
1.80443490	0.00208960	0.00067524	0.00411782	74.43714905	15.05581379	11.50758171	11.50758171	5.97721529	0.00257820	0.00153962	0.80582649	0.40291324	9.55298042	5.97721529	0.83543223	0.96900278	0.00553527	0.00965309	-0.00450954	119.63148499	0.00000000	294.22131348	173.84393311	
1.79067111	0.00156124	0.00032538	0.00317066	50.94940567	13.58056831	8.62919426	8.62919426	4.32720232	0.00201567	0.00115498	0.63617486	0.31808743	8.31483459	4.32720232	0.83312666	0.95754457	0.00327276	0.00644342	-0.00366927	173.01066589	4.53391838	351.36666870	181.01519775	
1.03689826	0.00076817	-0.00026987	0.00145540	34.84051895	10.06580925	6.66270876	6.51764107	3.41064405	0.00105878	0.00039662	0.34937125	0.17468563	5.79774523	3.48421216	0.59272730	0.44417077	0.00158616	0.00304156	-0.00385987	181.30375671	3.28539586	355.83688354	178.02342224	
0.00000000	-0.00004971	-0.00093932	0.00000000	9.94773579	3.89945245	2.24855137	0.00000000	0.00000000	0.00000000	0.00000000	0.00000000	0.00000000	1.98035789	1.14030409	0.00000000	0.00000000	0.00000000	0.00000000	-0.00382537	179.68246460	2.76383948	355.63543701	178.60391235	
0.00000000	-0.00003315	-0.00083233	0.00000000	9.94773483	3.89945245	2.24855137	0.00000000	0.00000000	0.00000000	0.00000000	0.00000000	0.00000000	1.98035789	1.14030409	0.00000000	0.00000000	0.00000000	0.00000000	-0.00334207	173.36962891	3.04770088	355.91116333	185.77348328	
