0.00000000	-0.00007298	-0.00150853	0.00000000	50.63363266	11.62220287	9.83080959	0.00000000	0.00000000	0.00000000	0.00000000	0.00000000	0.00000000	6.72166348	5.32475138	0.00000000	0.00000000	0.00000000	0.00000000	-0.01153333	0.00000000	0.00000000	197.85212708	247.56095886	
0.00000000	-0.00006040	-0.00128297	0.00000000	50.63362885	11.62220478	9.83080959	0.00000000	0.00000000	0.00000000	0.00000000	0.00000000	0.00000000	6.72166348	5.32475138	0.00000000	0.00000000	0.00000000	0.00000000	-0.01028437	34.37172699	0.00000000	292.01593018	256.99221802	
0.00000000	-0.00007179	-0.00185332	0.00000000	50.63363266	11.62220287	9.83080959	0.00000000	0.00000000	0.00000000	0.00000000	0.00000000	0.00000000	6.72166348	5.32475138	0.00000000	0.00000000	0.00000000	0.00000000	-0.01081366	104.71022797	3.39871502	353.80636597	251.47938538	
0.65223747	0.00143301	-0.00218111	0.00232295	56.01228333	12.28224564	10.23535252	4.32572889	2.28973484	0.00147918	0.00084377	0.22370641	0.11185320	7.26864338	5.48458576	0.29252183	0.35971561	0.00075170	0.00307466	-0.00927777	93.66030884	2.06018543	353.97067261	262.28533936	
4.71183157	0.00540844	0.00236037	0.00932686	62.56093216	14.14876366	10.90369892	10.90369892	4.12867212	0.00385443	0.00547243	0.60013723	0.30006862	8.29370785	4.12867212	0.98775393	3.72407842	0.00792597	0.01725283	-0.01470679	109.24314117	0.75474566	343.04705811	236.07022095	
5.37888575	0.00638582	0.00195022	0.01288772	87.05130005	16.48660660	12.41131687	12.41131687	4.12717581	0.00512784	0.00775988	1.08861601	0.54430801	10.15565109	4.12717581	0.99538696	4.38349915	0.00890927	0.02179700	-0.02877075	69.13294220	0.00000000	258.76992798	192.68797302	
5.35757732	0.00631443	0.00244628	0.01298730	88.51005554	16.70739937	12.44952488	12.44952488	4.12904072	0.00519001	0.00779728	1.13017905	0.56508952	10.33699703	4.12904072	0.99528754	4.36228991	0.00843580	0.02142309	-0.06671807	19.44748116	0.00000000	165.52278137	152.94194031	
5.33600712	0.00577915	0.00281164	0.01163229	87.85581207	16.46634865	12.92919731	12.92919731	4.39301968	0.00461420	0.00701809	0.99211323	0.49605662	10.12495804	4.39301968	0.99518478	4.34082127	0.00896846	0.02060075	-0.09520528	0.00000000	0.00000000	45.79259872	142.48970032	
5.29530430	0.00495018	0.00175886	0.00992888	70.71776581	15.47768497	11.08101273	11.08101273	3.72183537	0.00399373	0.00593515	0.84296119	0.42148060	9.17446709	3.72183537	0.99497819	4.30032539	0.00584777	0.01577665	-0.03890333	0.00000000	0.00000000	1.93843687	176.95065308	
3.06627560	0.00242060	-0.00001254	0.00448737	42.16950226	11.66821766	7.99408913	7.80447912	3.26332974	0.00217627	0.00231110	0.43976986	0.21988493	6.66360807	3.36209249	0.85420436	2.21207142	0.00331021	0.00779758	-0.02936033	0.00000000	0.00000000	3.86725283	192.27511597	
0.00000000	-0.00012584	-0.00228081	0.00000000	13.28556156	5.66525316	2.93894243	0.00000000	0.00000000	0.00000000	0.00000000	0.00000000	0.00000000	2.94431520	1.53081930	0.00000000	0.00000000	0.00000000	0.00000000	-0.01453547	0.00000000	0.00000000	28.27864647	234.31982422	
0.00000000	-0.00008027	-0.00134949	0.00000000	13.28556061	5.66525316	2.93894243	0.00000000	0.00000000	0.00000000	0.00000000	0.00000000	0.00000000	2.94431496	1.53081930	0.00000000	0.00000000	0.00000000	0.00000000	-0.01112048	0.00000000	0.00000000	110.55992126	251.08717346	
0.00000000	-0.00005561	-0.00107997	0.00000000	13.28556061	5.66525316	2.93894243	0.00000000	0.00000000	0.00000000	0.00000000	0.00000000	0.00000000	2.94431496	1.53081930	0.00000000	0.00000000	0.00000000	0.00000000	-0.01456204	0.00000000	0.00000000	189.79429626	233.76219177	
0.00000000	-0.00006772	-0.00124837	0.00000000	13.28556156	5.66525316	2.93894243	0.00000000	0.00000000	0.00000000	0.00000000	0.00000000	0.00000000	2.94431520	1.53081930	0.00000000	0.00000000	0.00000000	0.00000000	-0.01113252	0.00000000	0.00000000	217.45509338	249.81385803	
0.00000000	-0.00008858	-0.00245389	0.00000000	13.28556061	5.66525316	2.93894243	0.00000000	0.00000000	0.00000000	0.00000000	0.00000000	0.00000000	2.94431496	1.53081930	0.00000000	0.00000000	0.00000000	0.00000000	-0.01063365	1.82123208	0.00000000	241.97956848	252.87184143	
0.72154891	0.00162844	-0.00211133	0.00266893	36.99636078	8.49097252	6.25715351	4.57286406	2.42373133	0.00161187	0.00105706	0.25896361	0.12948181	4.93423700	3.29119587	0.31921157	0.40233740	0.00094845	0.00361737	-0.01122094	41.07043076	0.00000000	291.82125854	249.91293335	
4.58471346	0.00559943	0.00141891	0.00992232	63.00029755	14.59440041	10.51671982	10.51671982	3.91231513	0.00417272	0.00574960	0.68702590	0.34351295	8.64246273	3.91231513	0.98701161	3.59770155	0.00666975	0.01659208	-0.01181965	62.09004211	0.00000000	309.10766602	246.70684814	
5.15018177	0.00585687	0.00161858	0.01132878	72.87218475	15.69541931	11.14706421	11.14706421	3.81630707	0.00461352	0.00671526	0.88408267	0.44204134	9.38982010	3.81630707	0.99420160	4.15598011	0.00773216	0.01906094	-0.02589212	113.03697205	0.00000000	313.43856812	199.64813232	
5.12977886	0.00629128	0.00250595	0.01204413	81.48616028	16.35393906	12.46514034	12.46514034	4.29473734	0.00488569	0.00715844	0.93288147	0.46644074	9.99858475	4.29473734	0.99408197	4.13569736	0.00878945	0.02083359	-0.03569829	111.39847565	0.00000000	292.95877075	182.31297302	
5.10912466	0.00577469	0.00199964	0.01183247	80.69950867	16.40586281	11.72225475	11.72225475	3.95678139	0.00484668	0.00698579	1.06327176	0.53163588	10.05755329	3.95678139	0.99395841	4.11516666	0.00647634	0.01830881	-0.05522516	97.48914337	0.00000000	255.84344482	160.15876770	
5.07015371	0.00470096	0.00162232	0.00910877	62.67419434	14.95797443	10.36244011	10.36244011	3.58738804	0.00373517	0.00537360	0.73258305	0.36629152	8.73089981	3.58738804	0.99371076	4.07644320	0.00535305	0.01446182	-0.02792353	25.66882896	0.00000000	219.76950073	205.83122253	
2.93590117	0.00230283	-0.00039530	0.00413347	35.48659134	11.11916733	6.96914196	6.73879623	2.89779258	0.00206068	0.00207279	0.38669273	0.19334637	6.28375721	3.02653551	0.84760624	2.08829474	0.00219213	0.00632561	-0.01271734	45.95436478	0.93567646	289.43481445	241.06144714	
0.00000000	-0.00014061	-0.00291775	0.00000000	18.54880142	9.58644390	3.57035112	0.00000000	0.00000000	0.00000000	0.00000000	0.00000000	0.00000000	5.58095837	1.99551499	0.00000000	0.00000000	0.00000000	0.00000000	-0.01113903	102.43549347	0.80927169	351.52642822	249.95443726	
0.00000000	-0.00007697	-0.00151501	0.00000000	18.54880333	9.58644485	3.57035112	0.00000000	0.00000000	0.00000000	0.00000000	0.00000000	0.00000000	5.58095884	1.99551487	0.00000000	0.00000000	0.00000000	0.00000000	-0.01214530	113.75465393	3.12052464	356.25595093	245.60688782	
0.00000000	-0.00006420	-0.00127152	0.00000000	18.54880333	9.58644485	3.57035112	0.00000000	0.00000000	0.00000000	0.00000000	0.00000000	0.00000000	5.58095884	1.99551487	0.00000000	0.00000000	0.00000000	0.00000000	-0.01311241	117.12049866	2.19558144	354.38714600	239.46517944	
0.00000000	-0.00005718	-0.00128569	0.00000000	18.54879951	9.58644295	3.57035112	0.00000000	0.00000000	0.00000000	0.00000000	0.00000000	0.00000000	5.58095837	1.99551499	0.00000000	0.00000000	0.00000000	0.00000000	-0.01064906	96.91535950	0.52441084	351.01943970	254.65786743	
0.00000000	-0.00009861	-0.00269292	0.00000000	18.54880333	9.58644485	3.57035112	0.00000000	0.00000000	0.00000000	0.00000000	0.00000000	0.00000000	5.58095884	1.99551487	0.00000000	0.00000000	0.00000000	0.00000000	-0.01241151	114.02589417	2.28536224	354.64559937	242.83018494	
1.73148715	0.00295025	-0.00075303	0.00463087	42.96733475	11.46258831	8.09181786	7.13972330	3.48504090	0.00256342	0.00206744	0.31720218	0.15860109	6.66668081	4.01717806	0.60225731	1.12923002	0.00200118	0.00663204	-0.01185281	97.04039764	0.06373329	342.32727051	246.01635742	
4.89206934	0.00574334	0.00227453	0.01051547	69.96515656	15.06331158	11.17016125	11.17016125	4.06639051	0.00431177	0.00620370	0.77736717	0.38868359	9.01779842	4.06639051	0.99216294	3.89990568	0.00747517	0.01799065	-0.02804178	134.28591919	0.00000000	328.94363403	195.62702942	
5.06608295	0.00633858	0.00231659	0.01254374	84.49897766	16.61435127	12.33301830	12.33301830	4.24778938	0.00512229	0.00742146	1.05801737	0.52900869	10.26193810	4.24778938	0.99369293	4.07238865	0.00851199	0.02105574	-0.05667282	109.19887543	0.00000000	269.15161133	162.82742310	
5.04601145	0.00637464	0.00275068	0.01322668	98.99901581	16.73289680	13.22311306	13.22311306	4.70224190	0.00530778	0.00791890	1.24637270	0.62318635	10.63946438	4.70224190	0.99356490	4.05244780	0.00945275	0.02267944	-0.10345671	34.85424805	0.00000000	159.71971130	135.85041809	
5.02569580	0.00553490	0.00232845	0.01147883	80.52337646	16.42362785	11.63657951	11.63657951	3.97609019	0.00473476	0.00674407	1.06949413	0.53474706	10.09654427	3.97609019	0.99343276	4.03226233	0.00658556	0.01806439	-0.11673924	0.00000000	0.00000000	61.24972153	130.33514404	
4.97302723	0.00494236	0.00237847	0.00974024	75.83973694	15.60074234	11.71681881	11.71681881	4.13920307	0.00397964	0.00576060	0.86937875	0.43468937	9.45077324	4.13920307	0.99305838	3.97996831	0.00656064	0.01630087	-0.08284451	0.00000000	0.00000000	15.60745811	142.57078552	
2.79438972	0.00227648	-0.00102155	0.00427528	47.29618835	12.46953678	8.83212566	8.20104027	3.67353296	0.00222477	0.00205051	0.46073923	0.23036961	7.21693802	4.01580381	0.83808792	1.95630217	0.00296221	0.00723749	-0.02765343	0.00000000	0.00000000	85.81162262	216.58744812	
0.00000000	-0.00012047	-0.00274225	0.00000000	50.62757492	11.46774292	9.78183079	0.00000000	0.00000000	0.00000000	0.00000000	0.00000000	0.00000000	6.64297581	5.30520010	0.00000000	0.00000000	0.00000000	0.00000000	-0.00744167	0.00000000	0.00000000	101.99513245	280.05966187	
0.00000000	-0.00006609	-0.00118750	0.00000000	50.62757492	11.46774292	9.78183079	0.00000000	0.00000000	0.00000000	0.00000000	0.00000000	0.00000000	6.64297581	5.30520058	0.00000000	0.00000000	0.00000000	0.00000000	-0.01467633	0.00000000	0.00000000	125.54986572	231.83282471	
