0.00000000	-0.00002021	-0.00050195	0.00000000	48.18753815	11.00796223	9.41009808	0.00000000	0.00000000	0.00000000	0.00000000	0.00000000	0.00000000	6.31024027	5.14481068	0.00000000	0.00000000	0.00000000	0.00000000	-0.04596846	180.74678040	3.21755505	356.73886108	178.90383911	
0.00000000	-0.00001680	-0.00047438	0.00000000	48.18754196	11.00796223	9.41009808	0.00000000	0.00000000	0.00000000	0.00000000	0.00000000	0.00000000	6.31024027	5.14481115	0.00000000	0.00000000	0.00000000	0.00000000	-0.02184283	158.14355469	3.37958121	356.42178345	201.99516296	
0.00000000	-0.00001963	-0.00055979	0.00000000	48.18753815	11.00796223	9.41009808	0.00000000	0.00000000	0.00000000	0.00000000	0.00000000	0.00000000	6.31024027	5.14481068	0.00000000	0.00000000	0.00000000	0.00000000	-0.02500823	168.54475403	4.40146255	358.81561279	194.65966797	
0.14380722	0.00045916	-0.00069732	0.00069625	53.63498306	11.40932274	9.83811665	4.46866465	2.58948946	0.00062490	0.00007136	0.20245335	0.10122667	6.68408346	5.50734949	0.11812465	0.02568256	0.00009625	0.00079250	-0.01909313	152.45292664	2.24317169	354.54357910	204.19261169	
0.91374928	0.00183969	0.00082834	0.00282268	54.46313095	11.85041618	9.76783276	9.74023628	5.32572889	0.00219166	0.00063102	0.43980181	0.21990091	7.02779770	5.32572889	0.59552324	0.31822610	0.00206603	0.00488871	-0.02176941	153.67237854	1.75657141	351.29986572	199.96382141	
1.02644944	0.00220644	0.00113681	0.00371825	81.05941772	14.34936714	11.93910313	11.93782616	6.80995750	0.00277752	0.00094073	0.79379791	0.39689896	9.17458439	6.80995750	0.64172292	0.38472632	0.00331457	0.00703283	-0.13080913	183.18128967	0.00000000	339.35150146	156.14434814	
1.02238297	0.00101783	0.00052762	0.00224027	82.85190582	7.38713074	6.52993870	6.45748281	4.02803040	0.00163783	0.00060244	0.82406580	0.41203290	5.00439501	4.04286289	0.64026302	0.38211986	0.00177327	0.00401354	-2.71361613	240.82914734	0.24826816	344.42965698	103.58910370	
1.01826644	0.00004976	-0.00005439	0.00088989	80.91403961	1.85408461	1.44111311	1.43464863	1.01463175	0.00064101	0.00024888	0.72336507	0.36168253	1.35643399	1.02385187	0.63877916	0.37948728	0.00020650	0.00109639	-52.01660919	272.33203125	0.01711248	346.93133545	74.50942993	
1.01049936	0.00099050	0.00040345	0.00196201	64.56970978	8.44388103	6.39302063	6.38135862	3.60913968	0.00147065	0.00049135	0.61457914	0.30728957	5.27019358	3.62283707	0.63594550	0.37455389	0.00111754	0.00307955	-8.53689098	229.67803955	0.15485568	346.34655762	116.96419525	
0.58513534	0.00087358	-0.00000938	0.00138012	36.87331390	9.81735134	7.11871719	6.94070435	3.73825741	0.00113347	0.00024665	0.33104640	0.16552320	5.63075924	3.83225989	0.41819248	0.16694288	0.00065494	0.00203506	-0.07830413	180.36959839	0.00151995	341.58419800	161.05223083	
0.00000000	-0.00002790	-0.00081510	0.00000000	12.43816090	5.18496180	2.75920343	0.00000000	0.00000000	0.00000000	0.00000000	0.00000000	0.00000000	2.68750525	1.45704257	0.00000000	0.00000000	0.00000000	0.00000000	-0.04171309	175.33369446	1.13810492	352.35409546	177.87823486	
0.00000000	-0.00001787	-0.00051681	0.00000000	12.43816185	5.18496227	2.75920320	0.00000000	0.00000000	0.00000000	0.00000000	0.00000000	0.00000000	2.68750548	1.45704257	0.00000000	0.00000000	0.00000000	0.00000000	-0.03168889	175.47236633	4.00055742	358.03240967	186.52932739	
0.00000000	-0.00001230	-0.00038582	0.00000000	12.43816185	5.18496227	2.75920320	0.00000000	0.00000000	0.00000000	0.00000000	0.00000000	0.00000000	2.68750548	1.45704257	0.00000000	0.00000000	0.00000000	0.00000000	-0.03954576	173.62829590	0.97071683	351.65298462	179.28385925	
0.00000000	-0.00001483	-0.00042154	0.00000000	12.43816090	5.18496180	2.75920343	0.00000000	0.00000000	0.00000000	0.00000000	0.00000000	0.00000000	2.68750525	1.45704257	0.00000000	0.00000000	0.00000000	0.00000000	-0.02847432	162.85426331	0.81457025	351.72430420	189.58665466	
0.00000000	-0.00001902	-0.00066630	0.00000000	12.43816185	5.18496227	2.75920320	0.00000000	0.00000000	0.00000000	0.00000000	0.00000000	0.00000000	2.68750548	1.45704257	0.00000000	0.00000000	0.00000000	0.00000000	-0.02737837	162.38722229	1.11483240	352.16424561	190.93077087	
0.20420557	0.00061973	-0.00026588	0.00093431	35.68318939	7.91574097	6.14612055	4.72536135	2.75280118	0.00080427	0.00013004	0.22927481	0.11463740	4.56532335	3.48150396	0.16070947	0.04349611	0.00023673	0.00117104	-0.02315598	157.83210754	1.69998109	352.41455078	196.57708740	
1.04650676	0.00206370	0.00107031	0.00325178	56.96743393	12.57605934	9.76097012	9.73087788	5.33604479	0.00242904	0.00082274	0.51642936	0.25821468	7.62055588	5.33604479	0.64594221	0.40056464	0.00233690	0.00558868	-0.02472164	156.01060486	1.80310285	350.50549316	196.12562561	
1.15208244	0.00225198	0.00108365	0.00372205	67.51222229	13.75401211	10.66387558	10.65716076	5.91280460	0.00270622	0.00101583	0.66181111	0.33090556	8.60429096	5.91280460	0.68402171	0.46806088	0.00313246	0.00685451	-0.03136267	160.73114014	2.42659807	353.17745972	194.70773315	
1.14751828	0.00235183	0.00124368	0.00388990	75.42637634	14.32054329	11.90217972	11.88992119	6.61078739	0.00282739	0.00106251	0.69829458	0.34914729	9.02621841	6.61078739	0.68257630	0.46494231	0.00357323	0.00746313	-0.04645740	166.27760315	0.93944800	348.89492798	183.24935913	
1.14289808	0.00194650	0.00115536	0.00346568	75.97340393	14.03220367	11.17614746	11.15848064	6.31285000	0.00251361	0.00095207	0.79584557	0.39792278	9.03351593	6.31285000	0.68110627	0.46179199	0.00313752	0.00660320	-0.37252185	211.33259583	0.63007379	343.95190430	133.64578247	
1.13267946	-0.00008876	-0.00009875	0.00058469	57.02107620	0.54249209	0.54610372	0.54074585	0.53091776	0.00039075	0.00019394	0.54816806	0.27408403	0.53436166	0.53870785	0.67780083	0.45487848	0.00000000	0.00058469	-28.10485268	283.77478027	2.21136403	354.47665405	72.74996948	
0.64599013	0.00040387	-0.00013242	0.00076700	31.39350319	6.41342211	4.08487892	3.84664989	2.16751099	0.00063020	0.00013680	0.30094993	0.15047497	3.71867704	2.31226039	0.44691086	0.19907926	0.00019983	0.00096683	-1.91896951	220.18621826	5.08193111	360.07287598	145.05426025	
0.00000000	-0.00003068	-0.00094479	0.00000000	18.31105804	9.09292221	3.55149865	0.00000000	0.00000000	0.00000000	0.00000000	0.00000000	0.00000000	5.27928209	2.08372593	0.00000000	0.00000000	0.00000000	0.00000000	-0.02979730	163.30064392	0.82620424	351.54745483	189.14407349	
0.00000000	-0.00001691	-0.00057233	0.00000000	18.31105614	9.09292221	3.55149865	0.00000000	0.00000000	0.00000000	0.00000000	0.00000000	0.00000000	5.27928209	2.08372593	0.00000000	0.00000000	0.00000000	0.00000000	-0.02074236	159.27163696	3.12052488	356.25595093	200.08993530	
0.00000000	-0.00001399	-0.00045237	0.00000000	18.31105614	9.09292221	3.55149865	0.00000000	0.00000000	0.00000000	0.00000000	0.00000000	0.00000000	5.27928209	2.08372593	0.00000000	0.00000000	0.00000000	0.00000000	-0.02656845	163.58795166	2.19558144	354.38714600	192.99769592	
0.00000000	-0.00001241	-0.00042008	0.00000000	18.31105995	9.09292221	3.55149865	0.00000000	0.00000000	0.00000000	0.00000000	0.00000000	0.00000000	5.27928209	2.08372617	0.00000000	0.00000000	0.00000000	0.00000000	-0.02353000	154.79702759	0.52441084	351.01943970	196.77619934	
0.00000000	-0.00002105	-0.00079576	0.00000000	18.31105614	9.09292221	3.55149865	0.00000000	0.00000000	0.00000000	0.00000000	0.00000000	0.00000000	5.27928209	2.08372593	0.00000000	0.00000000	0.00000000	0.00000000	-0.01699697	149.61151123	2.28536224	354.64559937	207.24455261	
0.61807883	0.00122837	0.00028817	0.00185227	45.25816345	10.68949318	8.26880455	7.67456007	4.22062731	0.00148479	0.00036748	0.33222148	0.16611074	6.25689888	4.56791592	0.40966558	0.20841330	0.00092494	0.00277721	-0.03069691	158.51615906	0.25806379	346.86349487	188.80302429	
1.44596910	0.00227942	0.00130592	0.00382377	64.87200928	13.37178230	10.58606148	10.58276081	5.67408466	0.00259612	0.00122765	0.61187214	0.30593607	8.24633312	5.67408466	0.76406848	0.68190080	0.00396971	0.00779348	-0.02574360	151.62786865	1.03837574	348.47912598	198.21446228	
1.47795045	0.00136497	0.00086896	0.00299439	80.11040497	9.57589054	7.81585073	7.77144384	4.42160082	0.00196938	0.00102500	0.83134913	0.41567457	6.26943541	4.42335367	0.77189523	0.70605546	0.00346427	0.00645866	-2.57872868	225.45727539	0.20126240	338.08419800	112.66684723	
1.47209549	0.00001366	-0.00015533	0.00147555	94.23197174	1.91995800	1.72660673	1.71526682	1.21258175	0.00092627	0.00054928	0.97921979	0.48960990	1.47015989	1.22110546	0.77055550	0.70153999	0.00058017	0.00205572	-34.38629913	270.66213989	1.16505218	348.57153320	78.94940948	
1.46616817	0.00029924	0.00008839	0.00165160	76.75299835	4.01947689	3.12471628	3.08687854	1.93201721	0.00105879	0.00059281	0.84014302	0.42007151	2.73638606	1.93787324	0.76919150	0.69697684	0.00102671	0.00267831	-14804394.00000000	276.34393311	1.95083106	351.44833374	77.07120514	
1.44821513	0.00018566	-0.00002756	0.00123365	70.95490265	3.30087781	2.35381985	2.34896588	1.43218470	0.00079696	0.00043669	0.68251681	0.34125841	2.18027568	1.43872726	0.76493436	0.68328059	0.00059467	0.00182832	-135.08827209	266.22735596	1.26523232	352.24450684	84.80376434	
0.80205071	0.00087100	-0.00005929	0.00148056	43.01614380	10.99908352	8.15409470	7.54988956	4.06195784	0.00115837	0.00032219	0.37139413	0.18569706	6.39672041	4.39269400	0.51187253	0.29017818	0.00115956	0.00264011	-0.08149780	194.18547058	2.55472159	348.17953491	158.89465332	
0.00000000	-0.00003281	-0.00074866	0.00000000	48.18407822	10.86489964	9.36518764	0.00000000	0.00000000	0.00000000	0.00000000	0.00000000	0.00000000	6.23806810	5.12639809	0.00000000	0.00000000	0.00000000	0.00000000	-0.04370187	175.54267883	0.94190878	351.87106323	176.98239136	
0.00000000	-0.00001828	-0.00044966	0.00000000	48.18407822	10.86489964	9.36518669	0.00000000	0.00000000	0.00000000	0.00000000	0.00000000	0.00000000	6.23806810	5.12639856	0.00000000	0.00000000	0.00000000	0.00000000	-0.02667094	157.65998840	0.46522015	350.77423096	193.73568726	
