0.00000000	-0.00010857	-0.00240604	0.00000000	10.30939007	4.06005669	2.33070874	0.00000000	0.00000000	0.00000000	0.00000000	0.00000000	0.00000000	2.06107044	1.17288053	0.00000000	0.00000000	0.00000000	0.00000000	-0.02124906	27.60869217	0.00000000	353.01690674	326.53637695	
0.00000000	-0.00008951	-0.00190257	0.00000000	10.30939007	4.06005669	2.33070827	0.00000000	0.00000000	0.00000000	0.00000000	0.00000000	0.00000000	2.06107044	1.17288029	0.00000000	0.00000000	0.00000000	0.00000000	-0.01579671	11.42941093	0.00000000	356.42178345	348.84188843	
0.00000000	-0.00010382	-0.00216097	0.00000000	10.30939007	4.06005669	2.33070874	0.00000000	0.00000000	0.00000000	0.00000000	0.00000000	0.00000000	2.06107044	1.17288053	0.00000000	0.00000000	0.00000000	0.00000000	-0.01544627	12.83075047	0.00000000	358.81561279	350.58386230	
0.37083849	0.00094276	-0.00372598	0.00159295	21.57696342	5.93379021	4.18735456	2.39713311	1.26934552	0.00103399	0.00055895	0.10878512	0.05439256	3.25276470	2.16855359	0.17047128	0.20036720	0.00000000	0.00159295	-0.01465382	3.59700346	0.00000000	354.50347900	354.92813110	
6.31796312	0.00852014	0.00455468	0.01386487	60.93511200	13.65729523	10.68069553	10.68069553	3.43407083	0.00515636	0.00870851	0.56244659	0.28122330	7.69527006	3.43407083	0.99381965	5.32414389	0.00509672	0.01896159	-0.02361361	23.36382675	0.00000000	340.88781738	328.29238892	
7.93034124	0.00935078	0.00520550	0.01809808	86.14720917	15.98804379	12.29206657	12.29206657	2.99725389	0.00643370	0.01166437	1.03108823	0.51554412	9.18460751	2.99725389	0.99964041	6.93070126	0.00610852	0.02420660	-0.16909172	18.60906982	0.00000000	232.57015991	233.82514954	
7.89892435	0.00927318	0.00464725	0.01828464	87.66464233	16.10489845	12.33356953	12.33356953	2.99142790	0.00652851	0.01175613	1.07063317	0.53531659	9.28693867	2.99142790	0.99962884	6.89929533	0.00549308	0.02377773	-0.18919788	2.43295360	0.00000000	114.16847229	234.15667725	
7.86712217	0.00917810	0.00472911	0.01736838	86.81265259	16.10425758	12.85022926	12.85022926	3.22399068	0.00613767	0.01123070	0.93999243	0.46999621	9.26572037	3.22399068	0.99961686	6.86750364	0.00562624	0.02299461	-0.08009803	0.00000000	0.00000000	5.75719547	249.01086426	
7.81570578	0.00746315	0.00300143	0.01430839	69.78383636	15.12447071	10.99554253	10.99554253	2.73623562	0.00511211	0.00919628	0.79898942	0.39949471	8.33259010	2.73623562	0.99959588	6.81610918	0.00331580	0.01762419	-0.04661148	0.00000000	0.00000000	2.46119308	283.39654541	
4.59652090	0.00382278	-0.00028734	0.00680566	41.49219894	11.41266060	7.88474369	7.70114279	2.72301126	0.00278412	0.00402153	0.42354980	0.21177490	6.27542782	2.81714416	0.90225780	3.69426394	0.00255408	0.00935974	-0.02793216	0.00000000	0.00000000	3.68313026	308.45620728	
0.00000000	-0.00017709	-0.00364824	0.00000000	12.84536839	5.41183329	2.84581733	0.00000000	0.00000000	0.00000000	0.00000000	0.00000000	0.00000000	2.80167413	1.45906436	0.00000000	0.00000000	0.00000000	0.00000000	-0.02118316	0.00000000	0.00000000	27.67825508	327.39736938	
0.00000000	-0.00011286	-0.00215197	0.00000000	12.84536839	5.41183329	2.84581733	0.00000000	0.00000000	0.00000000	0.00000000	0.00000000	0.00000000	2.80167413	1.45906436	0.00000000	0.00000000	0.00000000	0.00000000	-0.01815378	0.00000000	0.00000000	109.95952606	338.50833130	
0.00000000	-0.00007793	-0.00172441	0.00000000	12.84536839	5.41183329	2.84581733	0.00000000	0.00000000	0.00000000	0.00000000	0.00000000	0.00000000	2.80167413	1.45906436	0.00000000	0.00000000	0.00000000	0.00000000	-0.01868385	0.00000000	0.00000000	189.19384766	337.53756714	
0.00000000	-0.00009395	-0.00179199	0.00000000	12.84536839	5.41183329	2.84581733	0.00000000	0.00000000	0.00000000	0.00000000	0.00000000	0.00000000	2.80167413	1.45906436	0.00000000	0.00000000	0.00000000	0.00000000	-0.01584274	0.00000000	0.00000000	216.85475159	348.70111084	
0.00000000	-0.00011972	-0.00272157	0.00000000	12.84536839	5.41183329	2.84581733	0.00000000	0.00000000	0.00000000	0.00000000	0.00000000	0.00000000	2.80167413	1.45906436	0.00000000	0.00000000	0.00000000	0.00000000	-0.01395240	0.00000000	0.00000000	241.37921143	358.65042114	
0.09077482	0.00023833	-0.00447277	0.00056272	19.90287209	6.12973118	3.79115129	1.21234810	0.71635634	0.00042581	0.00013691	0.06183983	0.03091991	3.31166625	2.03252053	0.05696743	0.03380739	0.00000000	0.00056272	-0.01420733	0.00000000	0.00000000	294.80532837	358.05902100	
6.06041527	0.00799282	0.00285333	0.01355260	61.64794540	14.04660892	10.34923744	10.34923744	3.27175784	0.00518282	0.00836978	0.63933575	0.31966788	7.95297718	3.27175784	0.98257333	5.07784224	0.00449869	0.01805129	-0.01724591	1.04702449	0.00000000	323.51528931	342.65582275	
8.50231552	0.00858076	0.00302433	0.01651325	72.20777130	15.43495178	11.09462357	11.09462357	2.53494596	0.00583792	0.01067533	0.84939855	0.42469928	8.38400173	2.53494596	0.99979693	7.50251770	0.00543081	0.02194406	-0.02257805	1.24817336	0.00000000	302.87707520	323.02932739	
8.46905708	0.00968660	0.00458167	0.01820246	80.74300385	16.08228683	12.40409279	12.40409279	2.86240149	0.00640921	0.01179325	0.89646971	0.44823486	9.01116467	2.86240149	0.99979019	7.46926737	0.00579855	0.02400101	-0.03251849	0.00000000	0.00000000	250.47294617	302.50396729	
8.43495846	0.00853039	0.00363101	0.01739551	80.13107300	16.15086174	11.68778229	11.68778229	2.59373879	0.00620705	0.01118847	1.02197933	0.51098967	9.00899315	2.59373879	0.99978292	7.43517542	0.00362165	0.02101716	-0.06917248	0.00000000	0.00000000	185.96446228	251.74728394	
8.38723278	0.00689758	0.00263633	0.01339416	61.97460175	14.69975185	10.29086590	10.29086590	2.41814661	0.00471964	0.00867452	0.70450819	0.35225409	7.78561592	2.41814661	0.99977201	7.38746119	0.00336162	0.01675578	-0.03479244	0.00000000	0.00000000	126.17728424	300.47122192	
5.01127815	0.00352108	-0.00039381	0.00632346	35.26181030	11.01207924	6.93180466	6.70182610	2.32464194	0.00254765	0.00377581	0.38054085	0.19027042	5.96264076	2.44653368	0.91027015	4.10100651	0.00182795	0.00815141	-0.01974140	0.00000000	0.00000000	188.72958374	332.86840820	
0.00000000	-0.00020689	-0.00432790	0.00000000	18.46897125	9.41519070	3.56467414	0.00000000	0.00000000	0.00000000	0.00000000	0.00000000	0.00000000	5.40403891	1.88932407	0.00000000	0.00000000	0.00000000	0.00000000	-0.01677383	0.00000000	0.00000000	278.74591064	344.40972900	
0.00000000	-0.00011331	-0.00228272	0.00000000	18.46897316	9.41519070	3.56467414	0.00000000	0.00000000	0.00000000	0.00000000	0.00000000	0.00000000	5.40403891	1.88932407	0.00000000	0.00000000	0.00000000	0.00000000	-0.01940226	15.95445633	0.00000000	341.50387573	334.17007446	
0.00000000	-0.00009436	-0.00185503	0.00000000	18.46897316	9.41519070	3.56467414	0.00000000	0.00000000	0.00000000	0.00000000	0.00000000	0.00000000	5.40403891	1.88932407	0.00000000	0.00000000	0.00000000	0.00000000	-0.02151377	29.36602020	0.00000000	354.38714600	327.58364868	
0.00000000	-0.00008388	-0.00190584	0.00000000	18.46896935	9.41519070	3.56467414	0.00000000	0.00000000	0.00000000	0.00000000	0.00000000	0.00000000	5.40403891	1.88932407	0.00000000	0.00000000	0.00000000	0.00000000	-0.01283797	1.03998625	0.00000000	351.01943970	366.47412109	
0.00000000	-0.00014228	-0.00332885	0.00000000	18.46897316	9.41519070	3.56467414	0.00000000	0.00000000	0.00000000	0.00000000	0.00000000	0.00000000	5.40403891	1.88932407	0.00000000	0.00000000	0.00000000	0.00000000	-0.01833356	24.24601746	0.00000000	354.64559937	344.53567505	
0.96636510	0.00193771	-0.00314346	0.00306042	29.23750496	10.10750008	5.67275572	3.53395224	1.70690572	0.00165793	0.00140250	0.14534505	0.07267252	5.77002478	2.84050059	0.33091348	0.63545156	0.00035457	0.00341500	-0.01717032	8.52166557	0.00000000	349.26986694	343.36984253	
6.98112440	0.00820505	0.00368330	0.01453033	68.77900696	14.66333866	11.03896141	11.03896141	3.20226169	0.00529345	0.00923688	0.73462051	0.36731026	8.29998016	3.20226169	0.99815029	5.98297262	0.00555369	0.02008402	-0.03192930	29.64332581	0.00000000	329.32119751	301.35809326	
7.96943998	0.00908037	0.00407636	0.01773104	83.76278687	16.32017899	12.28219223	12.28219223	2.95012975	0.00634769	0.01138335	1.01204574	0.50602287	9.31774902	2.95012975	0.99965411	6.96978617	0.00629344	0.02402449	-0.07394119	11.63546753	0.00000000	240.71804810	249.69378662	
7.93786907	0.00915312	0.00466878	0.01874765	98.20503998	16.45579910	13.17921543	13.17921543	3.26967359	0.00657274	0.01217491	1.19243920	0.59621960	9.70753193	3.26967359	0.99964291	6.93822670	0.00723264	0.02598029	-0.15987174	0.00000000	0.00000000	87.30674744	210.00817871	
7.90590811	0.00760652	0.00374007	0.01584618	79.90180969	16.14163589	11.60111523	11.60111523	2.74793816	0.00573869	0.01010749	1.02340734	0.51170367	9.12709332	2.74793816	0.99963146	6.90627813	0.00474952	0.02059569	-0.22403347	0.00000000	0.00000000	15.46004200	195.65533447	
7.84560490	0.00782078	0.00307409	0.01484299	75.03364563	15.31196404	11.64097786	11.64097786	2.91729832	0.00526578	0.00957720	0.83255637	0.41627818	8.58914471	2.91729832	0.99960732	6.84599781	0.00388630	0.01872929	-0.03051143	0.00000000	0.00000000	9.39303970	302.85244751	
4.54304075	0.00349100	-0.00112557	0.00643721	46.83745956	12.31557178	8.76265907	8.14609814	3.05552244	0.00275395	0.00368327	0.45069736	0.22534868	6.85963964	3.38341665	0.90050447	3.64253664	0.00282472	0.00926194	-0.02365773	0.00000000	0.00000000	77.34011078	323.59008789	
0.00000000	-0.00017769	-0.00423724	0.00000000	49.30155563	11.13882542	9.55670071	0.00000000	0.00000000	0.00000000	0.00000000	0.00000000	0.00000000	6.40048695	5.08235788	0.00000000	0.00000000	0.00000000	0.00000000	-0.01037315	0.00000000	0.00000000	89.35477448	388.35525513	
0.00000000	-0.00009900	-0.00218872	0.00000000	49.30155182	11.13882542	9.55670071	0.00000000	0.00000000	0.00000000	0.00000000	0.00000000	0.00000000	6.40048647	5.08235741	0.00000000	0.00000000	0.00000000	0.00000000	-0.02486235	0.00000000	0.00000000	112.90949249	321.42926025	
0.00000000	-0.00008013	-0.00176466	0.00000000	49.30155182	11.13882542	9.55670071	0.00000000	0.00000000	0.00000000	0.00000000	0.00000000	0.00000000	6.40048647	5.08235741	0.00000000	0.00000000	0.00000000	0.00000000	-0.02293476	0.00000000	0.00000000	138.47406006	325.52767944	
0.00000000	-0.00009322	-0.00184748	0.00000000	49.30155563	11.13882542	9.55670071	0.00000000	0.00000000	0.00000000	0.00000000	0.00000000	0.00000000	6.40048695	5.08235836	0.00000000	0.00000000	0.00000000	0.00000000	-0.01996811	0.00000000	0.00000000	145.96156311	335.18872070	
0.00000000	-0.00011098	-0.00261703	0.00000000	49.30155182	11.13882542	9.55670071	0.00000000	0.00000000	0.00000000	0.00000000	0.00000000	0.00000000	6.40048647	5.08235741	0.00000000	0.00000000	0.00000000	0.00000000	-0.02192139	4.69067335	0.00000000	277.11404419	331.26153564	
0.04462707	-0.00003952	-0.00407792	0.00017048	48.31242371	11.03961372	9.38408375	0.46449727	0.24370675	0.00013955	0.00003093	0.01983535	0.00991768	6.33484888	4.98724127	0.03171122	0.01291585	0.00000000	0.00017048	-0.02885266	44.63119888	0.00000000	352.98147583	313.73449707	
5.67858744	0.00740595	0.00219631	0.01298754	63.56526566	14.39395523	10.47072506	10.47072506	3.41886067	0.00519344	0.00779410	0.69024432	0.34512216	8.16429138	3.41886067	0.97263175	4.70595503	0.00413680	0.01712434	-0.02812357	40.30958176	0.00000000	347.99334717	311.34451294	
8.28087139	0.00953569	0.00409391	0.01803893	82.36275482	16.23416328	12.55692482	12.55692482	2.98396659	0.00634926	0.01168967	0.92549580	0.46274790	9.17754173	2.98396659	0.99974662	7.28112459	0.00674288	0.02478181	-0.03927537	5.03979921	0.00000000	277.80230713	285.78945923	
8.24972057	0.00943659	0.00348022	0.01958513	97.25160217	16.47999191	12.77309990	12.77309990	3.00512123	0.00683021	0.01275492	1.26635957	0.63317978	9.59086990	3.00512123	0.99973869	7.24998236	0.00592799	0.02551312	-0.03753959	0.00000000	0.00000000	122.03905487	290.71902466	
8.21650219	0.00909623	0.00272836	0.01759593	77.37286377	16.15216255	11.75324535	11.75324535	2.73516703	0.00627598	0.01131996	0.94591826	0.47295913	8.98314476	2.73516703	0.99972981	7.21677446	0.00340629	0.02100222	-0.01759609	0.00000000	0.00000000	26.63844109	358.88638306	
8.17001534	0.00644824	0.00053840	0.01307230	52.93405914	14.63841152	8.84092331	8.84092331	1.95946348	0.00478095	0.00829135	0.74743116	0.37371558	7.57629156	1.95946348	0.99971658	7.17029810	0.00085759	0.01392990	-0.01018802	0.00000000	0.00000000	106.76549530	395.66586304	
4.88149309	0.00337164	-0.00218807	0.00631059	37.41595078	11.15958405	7.05510902	6.90481663	2.30440950	0.00259415	0.00371644	0.41565761	0.20782880	5.99873924	2.38004375	0.90814275	3.97335005	0.00207778	0.00838837	-0.00554937	0.00000000	0.00000000	221.29341125	438.03771973	
0.00000000	-0.00020624	-0.00458383	0.00000000	10.30971146	4.04827070	2.32953167	0.00000000	0.00000000	0.00000000	0.00000000	0.00000000	0.00000000	2.05573559	1.17233133	0.00000000	0.00000000	0.00000000	0.00000000	-0.00906265	0.00000000	0.00000000	282.76763916	403.94403076	
0.00000000	-0.00013444	-0.00338132	0.00000000	10.30971241	4.04827070	2.32953143	0.00000000	0.00000000	0.00000000	0.00000000	0.00000000	0.00000000	2.05573559	1.17233145	0.00000000	0.00000000	0.00000000	0.00000000	-0.01114837	0.00000000	0.00000000	354.21212769	377.65722656	
