0.00000000	-0.00011150	-0.00260505	0.00000000	10.35894680	4.08055162	2.34179664	0.00000000	0.00000000	0.00000000	0.00000000	0.00000000	0.00000000	2.07159448	1.17803967	0.00000000	0.00000000	0.00000000	0.00000000	-0.00519502	173.18568420	0.00000000	353.01690674	180.95939636	
0.00000000	-0.00009195	-0.00202086	0.00000000	10.35894680	4.08055162	2.34179664	0.00000000	0.00000000	0.00000000	0.00000000	0.00000000	0.00000000	2.07159448	1.17803967	0.00000000	0.00000000	0.00000000	0.00000000	-0.00494904	176.41934204	0.00000000	356.42178345	183.71939087	
0.00000000	-0.00010671	-0.00229075	0.00000000	10.35894680	4.08055162	2.34179664	0.00000000	0.00000000	0.00000000	0.00000000	0.00000000	0.00000000	2.07159448	1.17803967	0.00000000	0.00000000	0.00000000	0.00000000	-0.00476714	177.66650391	0.00000000	358.81561279	185.53791809	
0.36359012	0.00091982	-0.00402461	0.00156620	21.59291649	5.94356108	4.19264460	2.39375758	1.27016640	0.00102366	0.00054254	0.10841235	0.05420617	3.25704837	2.17333007	0.16915114	0.19443896	0.00000000	0.00156620	-0.00439316	166.56021118	0.00000000	354.50979614	190.10066223	
6.19447327	0.00839025	0.00403535	0.01364828	60.86676407	13.63689327	10.67123127	10.67123127	3.47648621	0.00510133	0.00854695	0.56093335	0.28046668	7.70095921	3.47648621	0.99330658	5.20116758	0.00516949	0.01881778	-0.00536286	163.62243652	0.00000000	341.07281494	179.89808655	
7.77533531	0.00976484	0.00417665	0.01853250	86.10915375	16.11809158	12.34926701	12.34926701	3.05815172	0.00662682	0.01190568	1.02879941	0.51439971	9.29323769	3.05815172	0.99958003	6.77575493	0.00561938	0.02415189	-0.00990703	88.41788483	0.00000000	233.60028076	149.17988586	
7.74453211	0.00986915	0.00446237	0.01894942	87.62879181	16.34275436	12.40039635	12.40039635	3.05352163	0.00680690	0.01214252	1.06824827	0.53412414	9.45703888	3.05352163	0.99956685	6.74496698	0.00478544	0.02373486	-0.01839176	12.45218754	0.00000000	112.40509033	123.97580719	
7.71335125	0.00927207	0.00472679	0.01739334	86.76817322	16.08911896	12.84675407	12.84675407	3.28301477	0.00617139	0.01122195	0.93789148	0.46894574	9.29026985	3.28301477	0.99955308	6.71379757	0.00549263	0.02288597	-0.02462396	0.00000000	0.00000000	6.67759943	116.80292511	
7.66294098	0.00768238	0.00311766	0.01451005	69.74370575	15.10951519	10.99177170	10.99177170	2.78583694	0.00520360	0.00930645	0.79719430	0.39859715	8.35807800	2.78583694	0.99952942	6.66341114	0.00302878	0.01753883	-0.01149127	0.00000000	0.00000000	2.66148424	142.17079163	
4.50667858	0.00376584	-0.00027800	0.00669881	41.43397141	11.39129257	7.87488842	7.69162512	2.74715829	0.00276013	0.00393868	0.42227933	0.21113966	6.27529907	2.84118485	0.90046859	3.60620952	0.00257571	0.00927451	-0.01096575	0.00000000	0.00000000	4.04109812	144.41357422	
0.00000000	-0.00017631	-0.00374981	0.00000000	12.82064724	5.39785719	2.84056926	0.00000000	0.00000000	0.00000000	0.00000000	0.00000000	0.00000000	2.79431391	1.45741236	0.00000000	0.00000000	0.00000000	0.00000000	-0.00652210	0.00000000	0.00000000	27.75611496	169.77955627	
0.00000000	-0.00011231	-0.00222291	0.00000000	12.82064724	5.39785719	2.84056926	0.00000000	0.00000000	0.00000000	0.00000000	0.00000000	0.00000000	2.79431367	1.45741236	0.00000000	0.00000000	0.00000000	0.00000000	-0.00559563	0.36232099	0.00000000	110.03737640	176.98500061	
0.00000000	-0.00007751	-0.00175589	0.00000000	12.82064724	5.39785719	2.84056926	0.00000000	0.00000000	0.00000000	0.00000000	0.00000000	0.00000000	2.79431367	1.45741236	0.00000000	0.00000000	0.00000000	0.00000000	-0.00658430	19.46941757	0.00000000	189.27166748	169.12004089	
0.00000000	-0.00009340	-0.00182483	0.00000000	12.82064724	5.39785719	2.84056926	0.00000000	0.00000000	0.00000000	0.00000000	0.00000000	0.00000000	2.79431391	1.45741236	0.00000000	0.00000000	0.00000000	0.00000000	-0.00524794	35.50153732	0.00000000	216.93254089	180.51852417	
0.00000000	-0.00011893	-0.00270525	0.00000000	12.82064724	5.39785719	2.84056926	0.00000000	0.00000000	0.00000000	0.00000000	0.00000000	0.00000000	2.79431367	1.45741236	0.00000000	0.00000000	0.00000000	0.00000000	-0.00492515	56.58675385	0.00000000	241.45706177	183.79435730	
0.09284345	0.00024774	-0.00438566	0.00057445	19.89199829	6.11946058	3.78774595	1.21390235	0.71664238	0.00043217	0.00014229	0.06203008	0.03101504	3.30674124	2.03092813	0.05772483	0.03511862	0.00000000	0.00057445	-0.00500524	110.18969727	0.00000000	294.87808228	183.13877869	
6.19852495	0.00803714	0.00289101	0.01367636	61.70925903	14.06915092	10.35689259	10.35689259	3.22412038	0.00519602	0.00848034	0.64128423	0.32064211	7.94207716	3.22412038	0.98360825	5.21491718	0.00452233	0.01819869	-0.00516573	141.69265747	0.00000000	323.08377075	181.80763245	
8.69607162	0.00853044	0.00326862	0.01656278	72.24732208	15.45028400	11.09781170	11.09781170	2.47892904	0.00583283	0.01072995	0.85139155	0.42569578	8.34758186	2.47892904	0.99983281	7.69623899	0.00548118	0.02204396	-0.00955802	150.40589905	0.00000000	301.23913574	150.98591614	
8.66205597	0.00956617	0.00469734	0.01816676	80.78767395	16.09841347	12.40783787	12.40783787	2.79983163	0.00637168	0.01179507	0.89858043	0.44929022	8.97680950	2.79983163	0.99982697	7.66222906	0.00594405	0.02411081	-0.01299667	111.61179352	0.00000000	247.34675598	137.53140259	
8.62717915	0.00871643	0.00359207	0.01777457	80.16560364	16.16614532	11.68995285	11.68995285	2.53405309	0.00631612	0.01145845	1.02439427	0.51219714	8.97043037	2.53405309	0.99982083	7.62735891	0.00333402	0.02110859	-0.01916163	62.59189987	0.00000000	181.55513000	121.69847870	
8.57836628	0.00686312	0.00277517	0.01344548	62.01742172	14.71550655	10.29531002	10.29531002	2.36694694	0.00471814	0.00872734	0.70618051	0.35309026	7.75222588	2.36694694	0.99981171	7.57855511	0.00339265	0.01683814	-0.01326640	3.21616125	0.00000000	120.68852997	140.84136963	
5.12547731	0.00351011	-0.00052162	0.00634628	35.31352997	11.03522396	6.94062757	6.71060467	2.29984379	0.00253888	0.00380740	0.38181230	0.19090615	5.96221352	2.42141795	0.91204107	4.21343660	0.00188538	0.00823166	-0.00557552	19.91065788	0.00000000	182.71510315	177.10064697	
0.00000000	-0.00020941	-0.00447074	0.00000000	18.47796822	9.43419075	3.56534743	0.00000000	0.00000000	0.00000000	0.00000000	0.00000000	0.00000000	5.41423082	1.88439834	0.00000000	0.00000000	0.00000000	0.00000000	-0.00507719	89.72633362	0.00000000	272.57629395	182.09483337	
0.00000000	-0.00011470	-0.00238796	0.00000000	18.47796822	9.43419170	3.56534743	0.00000000	0.00000000	0.00000000	0.00000000	0.00000000	0.00000000	5.41423082	1.88439846	0.00000000	0.00000000	0.00000000	0.00000000	-0.00561221	160.51936340	0.00000000	338.32513428	176.94308472	
0.00000000	-0.00009554	-0.00195002	0.00000000	18.47796822	9.43419170	3.56534743	0.00000000	0.00000000	0.00000000	0.00000000	0.00000000	0.00000000	5.41423082	1.88439846	0.00000000	0.00000000	0.00000000	0.00000000	-0.00620560	185.10546875	0.00000000	354.38714600	171.48014832	
0.00000000	-0.00008495	-0.00191011	0.00000000	18.47796822	9.43418980	3.56534767	0.00000000	0.00000000	0.00000000	0.00000000	0.00000000	0.00000000	5.41423082	1.88439834	0.00000000	0.00000000	0.00000000	0.00000000	-0.00500309	168.59164429	0.00000000	351.01943970	182.98159790	
0.00000000	-0.00014412	-0.00346169	0.00000000	18.47796822	9.43419170	3.56534743	0.00000000	0.00000000	0.00000000	0.00000000	0.00000000	0.00000000	5.41423082	1.88439846	0.00000000	0.00000000	0.00000000	0.00000000	-0.00534938	177.53425598	0.00000000	354.64559937	179.32186890	
0.96676505	0.00193289	-0.00324339	0.00305719	29.24377251	10.11912823	5.67330790	3.53409910	1.70685911	0.00165598	0.00140121	0.14535628	0.07267814	5.77626324	2.83749771	0.33094826	0.63581681	0.00035893	0.00341611	-0.00515485	168.54559326	0.00000000	349.26907349	181.45182800	
6.98401308	0.00816644	0.00357223	0.01448423	68.78010559	14.66370392	11.03908157	11.03908157	3.20126152	0.00527605	0.00920819	0.73465860	0.36732930	8.29964447	3.20126152	0.99815452	5.98585892	0.00560246	0.02008669	-0.01070565	184.56448364	0.00000000	329.30920410	146.42126465	
7.97273874	0.00926242	0.00383264	0.01797354	83.76357269	16.32048416	12.28224659	12.28224659	2.94895315	0.00643238	0.01154116	1.01209223	0.50604612	9.31714725	2.94895315	0.99965531	6.97308350	0.00605318	0.02402672	-0.01806645	120.30046844	0.00000000	240.68048096	124.38990784	
7.94115496	0.00979613	0.00440091	0.01959009	98.20587158	16.45609093	13.17926407	13.17926407	3.26836586	0.00686554	0.01272455	1.19249415	0.59624708	9.70693970	3.26836586	0.99964416	6.94151020	0.00639269	0.02598277	-0.02630951	8.82436085	0.00000000	87.22702026	111.25151062	
7.90918064	0.00834580	0.00349042	0.01681264	79.90247345	16.14193344	11.60115337	11.60115337	2.74682140	0.00607981	0.01073283	1.02345479	0.51172739	9.12644386	2.74682140	0.99963260	6.90954828	0.00378494	0.02059758	-0.03025297	0.00000000	0.00000000	15.35531044	106.28354645	
7.84885263	0.00796578	0.00371097	0.01503544	75.03453064	15.31227684	11.64106369	11.64106369	2.91619539	0.00533302	0.00970242	0.83259511	0.41629755	8.58862019	2.91619539	0.99960864	6.84924412	0.00369573	0.01873117	-0.01443002	0.00000000	0.00000000	9.27503967	132.41928101	
4.54492188	0.00343365	-0.00085239	0.00636457	46.83879471	12.31604099	8.76286793	8.14628601	3.05499291	0.00272574	0.00363882	0.45072639	0.22536319	6.85967159	3.38289356	0.90054220	3.64437938	0.00289923	0.00926379	-0.01238442	0.00000000	0.00000000	77.21225739	139.51379395	
0.00000000	-0.00017861	-0.00389464	0.00000000	49.30345535	11.13928509	9.55701923	0.00000000	0.00000000	0.00000000	0.00000000	0.00000000	0.00000000	6.40078878	5.08245802	0.00000000	0.00000000	0.00000000	0.00000000	-0.00615369	0.00000000	0.00000000	89.22225952	172.01789856	
0.00000000	-0.00009950	-0.00218950	0.00000000	49.30345535	11.13928509	9.55701828	0.00000000	0.00000000	0.00000000	0.00000000	0.00000000	0.00000000	6.40078878	5.08245802	0.00000000	0.00000000	0.00000000	0.00000000	-0.00717371	0.00000000	0.00000000	112.77704620	164.05697632	
0.00000000	-0.00008053	-0.00183460	0.00000000	49.30345535	11.13928509	9.55701828	0.00000000	0.00000000	0.00000000	0.00000000	0.00000000	0.00000000	6.40078878	5.08245802	0.00000000	0.00000000	0.00000000	0.00000000	-0.00624592	0.00000000	0.00000000	138.34153748	171.72076416	
0.00000000	-0.00009368	-0.00193359	0.00000000	49.30345535	11.13928509	9.55702019	0.00000000	0.00000000	0.00000000	0.00000000	0.00000000	0.00000000	6.40078878	5.08245802	0.00000000	0.00000000	0.00000000	0.00000000	-0.00531210	0.00000000	0.00000000	145.82905579	179.71679688	
0.00000000	-0.00011151	-0.00277618	0.00000000	49.30345535	11.13928509	9.55701828	0.00000000	0.00000000	0.00000000	0.00000000	0.00000000	0.00000000	6.40078878	5.08245802	0.00000000	0.00000000	0.00000000	0.00000000	-0.00519113	92.01910400	0.00000000	276.98153687	180.99043274	
0.04616743	-0.00003649	-0.00444927	0.00017590	48.31945038	11.04199886	9.38536072	0.46547514	0.24385633	0.00014308	0.00003283	0.01992286	0.00996143	6.33634186	4.98748350	0.03245303	0.01371441	0.00000000	0.00017590	-0.00519600	174.29994202	0.00000000	352.94064331	181.03652954	
5.87459087	0.00749185	0.00232367	0.01320950	63.66996384	14.42887211	10.48370361	10.48370361	3.35224938	0.00523374	0.00797576	0.69344783	0.34672391	8.14564991	3.35224938	0.97464424	4.89994669	0.00413253	0.01734203	-0.00909417	197.30139160	0.00000000	347.69500732	153.98086548	
8.56669426	0.00939736	0.00447640	0.01804716	82.43373108	16.25898933	12.56302929	12.56302929	2.88770890	0.00631166	0.01173549	0.92882794	0.46441397	9.12739944	2.88770890	0.99980968	7.56688595	0.00691413	0.02496129	-0.02436263	164.81439209	0.00000000	276.17053223	114.65586853	
8.53447151	0.00918414	0.00377441	0.01950374	97.31206512	16.50214767	12.77592754	12.77592754	2.90198874	0.00676011	0.01274362	1.27093482	0.63546741	9.53422642	2.90198874	0.99980342	7.53466749	0.00618886	0.02569259	-0.02206058	31.34397888	0.00000000	117.52347565	116.69175720	
8.50010777	0.00886295	0.00321802	0.01748784	77.43426514	16.17639542	11.75789165	11.75789165	2.64476752	0.00620105	0.01128679	0.94934708	0.47467354	8.92836952	2.64476752	0.99979657	7.50031137	0.00366265	0.02115049	-0.01111594	0.00000000	0.00000000	21.20481491	152.77609253	
8.45201492	0.00628707	0.00102739	0.01302163	52.97607422	14.66184425	8.84504795	8.84504795	1.89369214	0.00473497	0.00828666	0.75015330	0.37507665	7.51883745	1.89369214	0.99978632	7.45222759	0.00100629	0.01402792	-0.00580362	0.01918748	0.00000000	104.70372772	175.31719971	
5.04998446	0.00319840	-0.00151460	0.00615024	37.49054718	11.19320107	7.06668091	6.91566706	2.26165819	0.00251183	0.00363841	0.41772348	0.20886174	5.99045897	2.33762836	0.91088051	4.13910294	0.00235274	0.00850298	-0.00574209	40.68619919	0.00000000	218.66574097	175.65040588	
0.00000000	-0.00021174	-0.00417277	0.00000000	10.35972118	4.06887770	2.34071374	0.00000000	0.00000000	0.00000000	0.00000000	0.00000000	0.00000000	2.06632209	1.17753589	0.00000000	0.00000000	0.00000000	0.00000000	-0.00533480	97.47376251	0.00000000	279.91912842	179.56871033	
0.00000000	-0.00013806	-0.00321717	0.00000000	10.35972023	4.06887770	2.34071374	0.00000000	0.00000000	0.00000000	0.00000000	0.00000000	0.00000000	2.06632209	1.17753589	0.00000000	0.00000000	0.00000000	0.00000000	-0.00528940	175.62124634	0.00000000	353.47698975	180.04780579	
