0.00000000	-0.00011131	-0.00252776	0.00000000	10.35499096	4.07891798	2.34091210	0.00000000	0.00000000	0.00000000	0.00000000	0.00000000	0.00000000	2.07075500	1.17762887	0.00000000	0.00000000	0.00000000	0.00000000	-0.00230632	139.68824768	0.00000000	353.01690674	214.45684814	
0.00000000	-0.00009179	-0.00196236	0.00000000	10.35499287	4.07891798	2.34091210	0.00000000	0.00000000	0.00000000	0.00000000	0.00000000	0.00000000	2.07075500	1.17762911	0.00000000	0.00000000	0.00000000	0.00000000	-0.00219065	142.61032104	0.00000000	356.42178345	217.52842712	
0.00000000	-0.00010652	-0.00221852	0.00000000	10.35499096	4.07891798	2.34091210	0.00000000	0.00000000	0.00000000	0.00000000	0.00000000	0.00000000	2.07075500	1.17762887	0.00000000	0.00000000	0.00000000	0.00000000	-0.00216439	145.10041809	0.00000000	358.81561279	218.10398865	
0.36447352	0.00092234	-0.00380670	0.00156947	21.59258652	5.94303656	4.19236088	2.39417195	1.27006912	0.00102493	0.00054454	0.10845798	0.05422899	3.25686979	2.17291784	0.16931409	0.19515945	0.00000000	0.00156947	-0.00196699	133.07054138	0.00000000	354.50906372	223.58940125	
6.20952415	0.00814095	0.00389534	0.01333032	60.87522507	13.63941479	10.67240143	10.67240143	3.47128701	0.00497993	0.00835039	0.56112033	0.28056017	7.70030022	3.47128701	0.99337149	5.21615267	0.00550526	0.01883558	-0.00260691	135.09294128	0.00000000	341.05007935	208.40469360	
7.79422760	0.00953416	0.00391895	0.01824578	86.11386871	16.11990356	12.34959126	12.34959126	3.05112123	0.00652148	0.01172431	1.02908254	0.51454127	9.28995228	3.05112123	0.99958789	6.79464006	0.00591984	0.02416562	-0.00480321	65.50553131	0.00000000	233.42491150	171.92355347	
7.76335049	0.00974962	0.00424796	0.01880794	87.63324738	16.34455681	12.40065956	12.40065956	3.04642916	0.00675300	0.01205493	1.06854343	0.53427172	9.45361710	3.04642916	0.99957490	6.76377583	0.00494027	0.02374821	-0.00796349	3.49646091	0.00000000	112.03627014	144.01280212	
7.73209238	0.00941975	0.00454112	0.01759759	86.77368927	16.09099388	12.84718609	12.84718609	3.27574706	0.00624016	0.01135743	0.93815160	0.46907580	9.28730488	3.27574706	0.99956155	6.73253107	0.00530191	0.02289949	-0.00732562	0.00000000	0.00000000	6.15288591	154.72227478	
7.68155956	0.00777426	0.00303276	0.01463998	69.74868774	15.11136818	10.99223900	10.99223900	2.77973080	0.00524644	0.00939355	0.79741645	0.39870822	8.35499573	2.77973080	0.99953800	6.68202162	0.00290947	0.01754946	-0.00322425	0.00000000	0.00000000	2.69996190	195.98472595	
4.51762772	0.00375834	-0.00055872	0.00669325	41.44115448	11.39392757	7.87610531	7.69280100	2.74420381	0.00275522	0.00393803	0.42243609	0.21121804	6.27534246	2.83824372	0.90069097	3.61693716	0.00259178	0.00928503	-0.00246422	0.00000000	0.00000000	4.23966885	211.56954956	
0.00000000	-0.00017653	-0.00377744	0.00000000	12.82366848	5.39956522	2.84121180	0.00000000	0.00000000	0.00000000	0.00000000	0.00000000	0.00000000	2.79521251	1.45761502	0.00000000	0.00000000	0.00000000	0.00000000	-0.00207753	0.00000000	0.00000000	27.74043846	220.48818970	
0.00000000	-0.00011246	-0.00219181	0.00000000	12.82366848	5.39956522	2.84121156	0.00000000	0.00000000	0.00000000	0.00000000	0.00000000	0.00000000	2.79521251	1.45761502	0.00000000	0.00000000	0.00000000	0.00000000	-0.00204160	0.00000000	0.00000000	110.02170563	221.52958679	
0.00000000	-0.00007762	-0.00176562	0.00000000	12.82366848	5.39956522	2.84121156	0.00000000	0.00000000	0.00000000	0.00000000	0.00000000	0.00000000	2.79521251	1.45761502	0.00000000	0.00000000	0.00000000	0.00000000	-0.00221548	0.00000000	0.00000000	189.25601196	216.95123291	
0.00000000	-0.00009353	-0.00177774	0.00000000	12.82366848	5.39956522	2.84121180	0.00000000	0.00000000	0.00000000	0.00000000	0.00000000	0.00000000	2.79521251	1.45761502	0.00000000	0.00000000	0.00000000	0.00000000	-0.00210918	0.54452533	0.00000000	216.91683960	219.56510925	
0.00000000	-0.00011912	-0.00259657	0.00000000	12.82366848	5.39956522	2.84121156	0.00000000	0.00000000	0.00000000	0.00000000	0.00000000	0.00000000	2.79521251	1.45761502	0.00000000	0.00000000	0.00000000	0.00000000	-0.00196362	16.72763824	0.00000000	241.44136047	223.63778687	
0.09216377	0.00024479	-0.00420171	0.00057060	19.89099312	6.12024212	3.78789306	1.21339393	0.71655089	0.00043009	0.00014051	0.06196769	0.03098384	3.30699396	2.03114772	0.05747775	0.03468602	0.00000000	0.00057060	-0.00194327	68.91786957	0.00000000	294.86410522	224.39581299	
6.15314579	0.00785517	0.00292766	0.01341771	61.68937683	14.06183529	10.35441113	10.35441113	3.23968291	0.00511255	0.00830516	0.64065135	0.32032567	7.94573975	3.23968291	0.98327655	5.16986990	0.00473321	0.01815092	-0.00193473	98.72334290	0.00000000	323.23229980	224.91638184	
8.63240719	0.00851091	0.00308726	0.01649920	72.23451996	15.44531631	11.09678173	11.09678173	2.49715161	0.00581765	0.01068154	0.85074544	0.42537272	8.35959053	2.49715161	0.99982172	7.63258648	0.00551260	0.02201179	-0.00319340	105.61994934	0.00000000	301.77902222	196.29850769	
8.59864330	0.00965046	0.00460182	0.01823615	80.77320862	16.09319115	12.40662670	12.40662670	2.82018614	0.00640360	0.01183256	0.89789617	0.44894809	8.98815632	2.82018614	0.99981564	7.59882689	0.00583930	0.02407545	-0.00424734	70.18941498	0.00000000	248.37226868	179.96400452	
8.56401920	0.00883051	0.00356719	0.01787724	80.15443420	16.16119576	11.68925095	11.68925095	2.55346441	0.00635960	0.01151764	1.02361119	0.51180559	8.98314762	2.55346441	0.99980915	7.56421185	0.00320191	0.02107916	-0.00678681	34.72227097	0.00000000	182.99934387	151.78205872	
8.51556492	0.00703970	0.00283638	0.01364301	62.00354767	14.71040726	10.29387283	10.29387283	2.38361001	0.00479082	0.00885219	0.70563829	0.35281914	7.76323652	2.38361001	0.99979943	7.51576662	0.00316859	0.01681160	-0.00346228	0.00000000	0.00000000	122.48469543	196.14759827	
5.08795452	0.00344426	-0.00042365	0.00624816	35.29672241	11.02770138	6.93776369	6.70775557	2.30796027	0.00250789	0.00374027	0.38139871	0.19069935	5.96242094	2.42963886	0.91146904	4.17648649	0.00195742	0.00820559	-0.00214607	8.53697586	0.00000000	184.68272400	218.64639282	
0.00000000	-0.00020839	-0.00427898	0.00000000	18.47503090	9.42796707	3.56513000	0.00000000	0.00000000	0.00000000	0.00000000	0.00000000	0.00000000	5.41090250	1.88601792	0.00000000	0.00000000	0.00000000	0.00000000	-0.00199337	51.05251694	0.00000000	274.59460449	222.78695679	
0.00000000	-0.00011414	-0.00232195	0.00000000	18.47503090	9.42796803	3.56513023	0.00000000	0.00000000	0.00000000	0.00000000	0.00000000	0.00000000	5.41090250	1.88601780	0.00000000	0.00000000	0.00000000	0.00000000	-0.00219785	121.26271057	0.00000000	339.36688232	217.37165833	
0.00000000	-0.00009506	-0.00192522	0.00000000	18.47503090	9.42796803	3.56513023	0.00000000	0.00000000	0.00000000	0.00000000	0.00000000	0.00000000	5.41090250	1.88601780	0.00000000	0.00000000	0.00000000	0.00000000	-0.00228364	141.57740784	0.00000000	354.38714600	215.00822449	
0.00000000	-0.00008451	-0.00184747	0.00000000	18.47503090	9.42796612	3.56513000	0.00000000	0.00000000	0.00000000	0.00000000	0.00000000	0.00000000	5.41090250	1.88601792	0.00000000	0.00000000	0.00000000	0.00000000	-0.00192933	126.91748810	0.00000000	351.01943970	224.65574646	
0.00000000	-0.00014336	-0.00339115	0.00000000	18.47503090	9.42796803	3.56513023	0.00000000	0.00000000	0.00000000	0.00000000	0.00000000	0.00000000	5.41090250	1.88601780	0.00000000	0.00000000	0.00000000	0.00000000	-0.00204831	135.56439209	0.00000000	354.64559937	221.29168701	
0.96899229	0.00191724	-0.00310275	0.00303632	29.24685478	10.11666203	5.67399025	3.53491282	1.70659769	0.00164527	0.00139106	0.14541870	0.07270935	5.77495623	2.83820939	0.33114135	0.63785088	0.00038600	0.00342232	-0.00198188	126.76875305	0.00000000	349.26513672	223.22482300	
7.00010204	0.00808474	0.00328681	0.01438529	68.78614807	14.66574383	11.03975773	11.03975773	3.19570279	0.00523555	0.00914974	0.73487079	0.36743540	8.29777336	3.19570279	0.99817836	6.00192356	0.00571626	0.02010155	-0.00382960	144.66038513	0.00000000	329.24237061	186.26083374	
7.99110651	0.00930593	0.00354910	0.01804161	83.76787567	16.32218552	12.28255653	12.28255653	2.94241405	0.00645277	0.01158884	1.01235080	0.50617540	9.31379318	2.94241405	0.99966151	6.99144411	0.00599750	0.02403911	-0.00585623	82.42714691	0.00000000	240.47174072	162.06044006	
7.95944881	0.01004515	0.00416737	0.01992728	98.21056366	16.45770836	13.17953396	13.17953396	3.26109958	0.00697978	0.01294751	1.19279981	0.59639990	9.70363426	3.26109958	0.99965060	6.95979881	0.00606928	0.02599656	-0.00711470	2.47417259	0.00000000	86.78353882	153.65931702	
7.92740202	0.00830349	0.00385687	0.01676952	79.90619659	16.14359093	11.60137749	11.60137749	2.74061346	0.00606321	0.01070631	1.02371800	0.51185900	9.12282085	2.74061346	0.99963927	6.92776346	0.00383849	0.02060802	-0.02551449	0.00000000	0.00000000	14.77280712	101.50417328	
7.86693382	0.00775503	0.00384188	0.01477096	75.03942108	15.31401730	11.64153099	11.64153099	2.91006422	0.00523770	0.00953326	0.83281058	0.41640529	8.58569813	2.91006422	0.99961567	6.86731815	0.00397063	0.01874159	-0.01050652	0.00000000	0.00000000	9.82721901	131.60577393	
4.55539131	0.00335868	-0.00086069	0.00627077	46.84617233	12.31864738	8.76402664	8.14733028	3.05204797	0.00268789	0.00358287	0.45088762	0.22544381	6.85984755	3.37998390	0.90075201	3.65463972	0.00300334	0.00927411	-0.00659897	0.00000000	0.00000000	76.99575806	154.78860474	
0.00000000	-0.00017853	-0.00373106	0.00000000	49.31383896	11.14184666	9.55879116	0.00000000	0.00000000	0.00000000	0.00000000	0.00000000	0.00000000	6.40247631	5.08300829	0.00000000	0.00000000	0.00000000	0.00000000	-0.00372886	0.00000000	0.00000000	88.97981262	187.93898010	
0.00000000	-0.00009946	-0.00219745	0.00000000	49.31383896	11.14184666	9.55879021	0.00000000	0.00000000	0.00000000	0.00000000	0.00000000	0.00000000	6.40247679	5.08300829	0.00000000	0.00000000	0.00000000	0.00000000	-0.00242041	0.00000000	0.00000000	112.53460693	211.56015015	
0.00000000	-0.00008051	-0.00181769	0.00000000	49.31383896	11.14184666	9.55879021	0.00000000	0.00000000	0.00000000	0.00000000	0.00000000	0.00000000	6.40247679	5.08300829	0.00000000	0.00000000	0.00000000	0.00000000	-0.00192272	0.00000000	0.00000000	138.09910583	224.92805481	
0.00000000	-0.00009365	-0.00188512	0.00000000	49.31383896	11.14184666	9.55879211	0.00000000	0.00000000	0.00000000	0.00000000	0.00000000	0.00000000	6.40247631	5.08300829	0.00000000	0.00000000	0.00000000	0.00000000	-0.00185090	0.00000000	0.00000000	145.58659363	227.03941345	
0.00000000	-0.00011148	-0.00270285	0.00000000	49.31383896	11.14184666	9.55879021	0.00000000	0.00000000	0.00000000	0.00000000	0.00000000	0.00000000	6.40247679	5.08300829	0.00000000	0.00000000	0.00000000	0.00000000	-0.00173392	47.96238327	0.00000000	276.73907471	230.49317932	
0.04604463	-0.00003678	-0.00431883	0.00017547	48.32872391	11.04423523	9.38693619	0.46539757	0.24384479	0.00014280	0.00003268	0.01991591	0.00995796	6.33782053	4.98798561	0.03239454	0.01365009	0.00000000	0.00017547	-0.00173918	124.77363586	0.00000000	352.86801147	230.47392273	
5.85896444	0.00737688	0.00203652	0.01305138	63.66182327	14.42615318	10.48269558	10.48269558	3.35749793	0.00517615	0.00787523	0.69319844	0.34659922	8.14719296	3.35749793	0.97449076	4.88447380	0.00427373	0.01732511	-0.00335564	157.79916382	0.00000000	347.71856689	193.50892639	
8.54390907	0.00942549	0.00410932	0.01806891	82.42824554	16.25707054	12.56255722	12.56255722	2.89523005	0.00632285	0.01174606	0.92856956	0.46428478	9.13144207	2.89523005	0.99980533	7.54410362	0.00687865	0.02494756	-0.00743133	131.49995422	0.00000000	276.29885864	148.09283447	
8.51177025	0.00936524	0.00354940	0.01971972	97.30740356	16.50043488	12.77570724	12.77570724	2.91004300	0.00683727	0.01288245	1.27057981	0.63528991	9.53878212	2.91004300	0.99979895	7.51196957	0.00595914	0.02567886	-0.00606980	14.11072922	0.00000000	117.87839508	158.04931641	
8.47749901	0.00894216	0.00334571	0.01757547	77.42951965	16.17451668	11.75753498	11.75753498	2.65182948	0.00623542	0.01134005	0.94908130	0.47454065	8.93277454	2.65182948	0.99979192	7.47770643	0.00356368	0.02113915	-0.00296697	0.00000000	0.00000000	21.76517487	209.64926147	
8.42953205	0.00627118	0.00131634	0.01298852	52.97282410	14.66002750	8.84472942	8.84472942	1.89883065	0.00472589	0.00826263	0.74994218	0.37497109	7.52344036	1.89883065	0.99978131	7.42974949	0.00103190	0.01402042	-0.00175766	0.00000000	0.00000000	105.34115601	229.75653076	
5.03655148	0.00313793	-0.00141716	0.00606658	37.48473358	11.19058037	7.06577921	6.91482258	2.26503301	0.00248233	0.00358425	0.41756234	0.20878117	5.99116707	2.34097648	0.91066974	4.12588167	0.00242750	0.00849408	-0.00195860	4.52469826	0.00000000	219.34761047	223.86135864	
0.00000000	-0.00021139	-0.00402539	0.00000000	10.35575294	4.06723976	2.33982563	0.00000000	0.00000000	0.00000000	0.00000000	0.00000000	0.00000000	2.06548214	1.17712367	0.00000000	0.00000000	0.00000000	0.00000000	-0.00186786	51.21217346	0.00000000	280.61834717	226.52949524	
0.00000000	-0.00013784	-0.00310308	0.00000000	10.35575199	4.06723976	2.33982587	0.00000000	0.00000000	0.00000000	0.00000000	0.00000000	0.00000000	2.06548214	1.17712367	0.00000000	0.00000000	0.00000000	0.00000000	-0.00179757	127.22946930	0.00000000	353.65744019	228.66511536	
