0.00000000	-0.00011221	-0.00262922	0.00000000	10.30107498	4.05661726	2.32884717	0.00000000	0.00000000	0.00000000	0.00000000	0.00000000	0.00000000	2.05930424	1.17201233	0.00000000	0.00000000	0.00000000	0.00000000	-0.00337755	168.83062744	0.00000000	353.01690674	185.31445312	
0.00000000	-0.00009324	-0.00211871	0.00000000	10.30107307	4.05661726	2.32884669	0.00000000	0.00000000	0.00000000	0.00000000	0.00000000	0.00000000	2.05930424	1.17201233	0.00000000	0.00000000	0.00000000	0.00000000	-0.00317058	170.87422180	0.00000000	356.42178345	189.26454163	
0.00000000	-0.00010860	-0.00251874	0.00000000	10.30107498	4.05661726	2.32884717	0.00000000	0.00000000	0.00000000	0.00000000	0.00000000	0.00000000	2.05930424	1.17201233	0.00000000	0.00000000	0.00000000	0.00000000	-0.00319594	174.86828613	0.00000000	358.81561279	188.33607483	
0.58198422	0.00152473	-0.00282594	0.00244133	25.33238602	6.60170031	4.79615784	3.16596484	1.62301040	0.00145925	0.00098208	0.14803505	0.07401752	3.68395281	2.44341874	0.23406860	0.34791562	0.00008824	0.00252958	-0.00297981	163.81954956	0.00000000	354.16564941	192.39323425	
6.59477472	0.00821635	0.00430078	0.01356103	61.14002228	13.72237206	10.71197891	10.71197891	3.34225702	0.00494473	0.00861630	0.56678516	0.28339258	7.69933558	3.34225702	0.99637288	5.59840202	0.00581355	0.01937458	-0.00390103	163.99765015	0.00000000	340.34564209	178.69230652	
7.89362526	0.00944655	0.00421287	0.01816159	86.13832855	16.12929535	12.35127068	12.35127068	3.01447058	0.00647451	0.01168708	1.03055322	0.51527661	9.27254295	3.01447058	0.99962687	6.89399958	0.00607495	0.02423654	-0.00674473	85.58818817	0.00000000	232.27249146	150.72341919	
7.86235666	0.00935369	0.00449694	0.01831847	87.65628052	16.35390854	12.40201283	12.40201283	3.00945640	0.00656242	0.01175605	1.07007587	0.53503793	9.43549347	3.00945640	0.99961501	6.86274052	0.00549863	0.02381710	-0.01762618	15.35622787	0.00000000	109.83769989	111.77476501	
7.83070040	0.00884388	0.00446954	0.01686687	86.80226135	16.10072327	12.84942150	12.84942150	3.23784685	0.00596676	0.01090011	0.93950129	0.46975064	9.27158165	3.23784685	0.99960262	6.83109713	0.00610249	0.02296935	-0.01803177	0.00000000	0.00000000	5.92554951	121.98347473	
7.77952147	0.00754757	0.00280767	0.01437619	69.77445984	15.12097836	10.99466133	10.99466133	2.74788165	0.00514066	0.00923552	0.79856974	0.39928487	8.33866501	2.74788165	0.99958110	6.77994013	0.00322816	0.01760434	-0.00470494	0.00000000	0.00000000	2.63458037	169.53469849	
4.57524252	0.00371083	-0.00077298	0.00665868	41.47855759	11.40765285	7.88243437	7.69891357	2.72871089	0.00273154	0.00392715	0.42325196	0.21162598	6.27544308	2.82281923	0.90184122	3.67340064	0.00268109	0.00933977	-0.00407238	0.00000000	0.00000000	4.09413671	176.57473755	
0.00000000	-0.00017876	-0.00415040	0.00000000	12.83952999	5.40852833	2.84457874	0.00000000	0.00000000	0.00000000	0.00000000	0.00000000	0.00000000	2.79993463	1.45867574	0.00000000	0.00000000	0.00000000	0.00000000	-0.00339345	0.00000000	0.00000000	27.57168388	185.19429016	
0.00000000	-0.00011474	-0.00261451	0.00000000	12.83953094	5.40852785	2.84457898	0.00000000	0.00000000	0.00000000	0.00000000	0.00000000	0.00000000	2.79993463	1.45867574	0.00000000	0.00000000	0.00000000	0.00000000	-0.00336381	0.23132862	0.00000000	109.85296631	185.84136963	
0.00000000	-0.00007901	-0.00202369	0.00000000	12.83953094	5.40852785	2.84457898	0.00000000	0.00000000	0.00000000	0.00000000	0.00000000	0.00000000	2.79993463	1.45867574	0.00000000	0.00000000	0.00000000	0.00000000	-0.00382694	10.51813412	0.00000000	189.08735657	179.06445312	
0.00000000	-0.00009545	-0.00212801	0.00000000	12.83952999	5.40852833	2.84457850	0.00000000	0.00000000	0.00000000	0.00000000	0.00000000	0.00000000	2.79993463	1.45867574	0.00000000	0.00000000	0.00000000	0.00000000	-0.00340211	30.97810936	0.00000000	216.74815369	184.85746765	
0.00000000	-0.00012227	-0.00322722	0.00000000	12.83953094	5.40852785	2.84457898	0.00000000	0.00000000	0.00000000	0.00000000	0.00000000	0.00000000	2.79993463	1.45867574	0.00000000	0.00000000	0.00000000	0.00000000	-0.00308288	49.78216934	0.00000000	241.27261353	190.41448975	
0.74215758	0.00179911	-0.00230297	0.00291920	30.73757362	7.45214701	5.22749138	3.33012390	1.65285182	0.00152700	0.00139219	0.19818610	0.09909305	4.23129416	2.62530255	0.27050507	0.47165248	0.00059245	0.00351164	-0.00300968	98.65043640	0.00000000	291.51037598	192.06982422	
7.18778801	0.00811027	0.00347164	0.01418213	62.17542648	14.30183315	10.41895294	10.41895294	2.88057065	0.00511029	0.00907184	0.65896958	0.32948479	7.92107582	2.88057065	0.99790698	6.18988132	0.00520523	0.01938736	-0.00331005	109.81613922	0.00000000	296.67260742	187.36058044	
8.51534939	0.00840537	0.00327208	0.01627026	72.21063995	15.43601131	11.09486675	11.09486675	2.53108621	0.00575199	0.01051827	0.84953374	0.42476687	8.38161564	2.53108621	0.99979961	7.51554918	0.00568094	0.02195120	-0.00509112	109.75467682	0.00000000	274.02587891	164.38607788	
8.48161507	0.00939742	0.00459745	0.01780696	80.74599457	16.08335686	12.40434456	12.40434456	2.85827398	0.00626879	0.01153816	0.89660978	0.44830489	9.00894642	2.85827398	0.99979275	7.48182297	0.00620140	0.02400836	-0.00679371	72.80775452	0.00000000	221.52394104	150.46902466	
8.44746876	0.00852220	0.00353789	0.01734035	80.13337708	16.15187645	11.68792725	11.68792725	2.58979988	0.00618542	0.01115494	1.02213955	0.51106977	9.00649548	2.58979988	0.99978554	7.44768047	0.00368293	0.02102328	-0.01065242	34.69414520	0.00000000	156.93113708	133.16958618	
8.38303089	0.00698029	0.00251099	0.01349199	61.97578049	14.69950771	10.29100704	10.29100704	2.41766381	0.00475151	0.00874048	0.70449585	0.35224792	7.78687811	2.41766381	0.99977040	7.38326025	0.00326548	0.01675748	-0.00358661	0.00000000	0.00000000	97.07774353	182.75047302	
4.85424089	0.00335783	-0.00085734	0.00607695	35.17489243	10.97229481	6.91695023	6.68707323	2.35804462	0.00248050	0.00359646	0.37840015	0.18920007	5.95662355	2.48064351	0.90631133	3.94792962	0.00194470	0.00802166	-0.00375531	11.38184261	0.00000000	159.92039490	179.59756470	
0.00000000	-0.00020723	-0.00476422	0.00000000	18.44836998	9.37193489	3.56309509	0.00000000	0.00000000	0.00000000	0.00000000	0.00000000	0.00000000	5.38062000	1.90028751	0.00000000	0.00000000	0.00000000	0.00000000	-0.00328811	62.58697891	0.00000000	250.21971130	186.87760925	
0.00000000	-0.00011538	-0.00293055	0.00000000	18.44836998	9.37193584	3.56309509	0.00000000	0.00000000	0.00000000	0.00000000	0.00000000	0.00000000	5.38061953	1.90028751	0.00000000	0.00000000	0.00000000	0.00000000	-0.00366601	138.38967896	0.00000000	321.72558594	181.05915833	
0.00000000	-0.00009529	-0.00233602	0.00000000	18.44836998	9.37193584	3.56309509	0.00000000	0.00000000	0.00000000	0.00000000	0.00000000	0.00000000	5.38061953	1.90028751	0.00000000	0.00000000	0.00000000	0.00000000	-0.00356377	173.93490601	0.00000000	354.37301636	182.60830688	
0.00000000	-0.00008443	-0.00211878	0.00000000	18.44836998	9.37193394	3.56309509	0.00000000	0.00000000	0.00000000	0.00000000	0.00000000	0.00000000	5.38062000	1.90028751	0.00000000	0.00000000	0.00000000	0.00000000	-0.00312025	161.77523804	0.00000000	351.01943970	189.79800415	
0.00000000	-0.00014239	-0.00360425	0.00000000	18.44836998	9.37193584	3.56309509	0.00000000	0.00000000	0.00000000	0.00000000	0.00000000	0.00000000	5.38061953	1.90028751	0.00000000	0.00000000	0.00000000	0.00000000	-0.00350939	173.67222595	0.00000000	354.64559937	183.18389893	
1.99971414	0.00336460	-0.00113594	0.00524244	36.94799805	10.78781986	7.04658461	5.62134552	2.54458642	0.00247810	0.00276434	0.24273586	0.12136793	6.15430164	3.30470157	0.52963346	1.47008085	0.00131428	0.00655672	-0.00321022	156.86387634	0.00000000	344.51766968	188.39700317	
7.66388941	0.00815355	0.00387070	0.01478517	69.08515930	14.75833797	11.07384014	11.07384014	2.95296001	0.00522999	0.00955518	0.74427968	0.37213984	8.23620129	2.95296001	0.99938506	6.66450548	0.00603136	0.02081653	-0.00663496	163.74391174	0.00000000	315.80999756	153.91532898	
8.15351009	0.00912850	0.00408085	0.01788087	83.80526733	16.33692360	12.28521729	12.28521729	2.88539839	0.00637294	0.01150793	1.01459229	0.50729614	9.28387451	2.88539839	0.99971223	7.15379858	0.00626469	0.02414556	-0.01269610	98.20615387	0.00000000	224.98849487	130.85050964	
8.12121010	0.00951282	0.00442144	0.01931567	98.25119781	16.47170830	13.18186665	13.18186665	3.19774055	0.00674057	0.01257511	1.19544983	0.59772491	9.67413330	3.19774055	0.99970287	7.12150764	0.00679937	0.02611504	-0.02092932	8.54230022	0.00000000	70.04541779	115.68312073	
8.08851147	0.00812360	0.00348459	0.01661253	79.93830109	16.15794754	11.60329056	11.60329056	2.68649268	0.00598483	0.01062770	1.02600014	0.51300007	9.09054947	2.68649268	0.99969292	7.08881903	0.00408518	0.02069770	-0.02205712	0.00000000	0.00000000	14.85441113	110.26576996	
8.01618862	0.00799732	0.00344677	0.01515702	75.07984161	15.32809067	11.64540577	11.64540577	2.85951614	0.00535105	0.00980597	0.83456391	0.41728196	8.56159019	2.85951614	0.99966818	7.01652193	0.00366988	0.01882690	-0.00498038	0.00000000	0.00000000	11.68056107	165.41578674	
4.57179689	0.00338569	-0.00136356	0.00631835	46.84649277	12.31891823	8.76395893	8.14755154	3.04791975	0.00270267	0.00361568	0.45096341	0.22548170	6.85691738	3.37576556	0.90042114	3.67137599	0.00296160	0.00927995	-0.00466401	0.00000000	0.00000000	78.85569000	169.38993835	
0.00000000	-0.00018039	-0.00407552	0.00000000	49.28760529	11.13538742	9.55432034	0.00000000	0.00000000	0.00000000	0.00000000	0.00000000	0.00000000	6.39822817	5.08161402	0.00000000	0.00000000	0.00000000	0.00000000	-0.00496425	0.00000000	0.00000000	90.84597778	164.35208130	
0.00000000	-0.00010086	-0.00237360	0.00000000	49.28760529	11.13538647	9.55432034	0.00000000	0.00000000	0.00000000	0.00000000	0.00000000	0.00000000	6.39822769	5.08161449	0.00000000	0.00000000	0.00000000	0.00000000	-0.00586907	0.00000000	0.00000000	114.40070343	155.76943970	
0.00000000	-0.00008202	-0.00211831	0.00000000	49.28760529	11.13538647	9.55432034	0.00000000	0.00000000	0.00000000	0.00000000	0.00000000	0.00000000	6.39822769	5.08161449	0.00000000	0.00000000	0.00000000	0.00000000	-0.00411605	0.00000000	0.00000000	139.96527100	174.87469482	
0.00000000	-0.00009590	-0.00235368	0.00000000	49.28760529	11.13538837	9.55432034	0.00000000	0.00000000	0.00000000	0.00000000	0.00000000	0.00000000	6.39822817	5.08161402	0.00000000	0.00000000	0.00000000	0.00000000	-0.00369746	0.00000000	0.00000000	147.45275879	180.67562866	
0.00000000	-0.00011281	-0.00299375	0.00000000	49.28760529	11.13538647	9.55432034	0.00000000	0.00000000	0.00000000	0.00000000	0.00000000	0.00000000	6.39822769	5.08161449	0.00000000	0.00000000	0.00000000	0.00000000	-0.00342873	90.21190643	0.00000000	278.60522461	184.42134094	
0.75779635	0.00149460	-0.00265670	0.00246756	47.93963623	11.37830067	9.04075336	2.67120647	1.23744690	0.00132575	0.00114182	0.16670252	0.08335126	6.59693718	4.62518930	0.27206692	0.48572940	0.00021862	0.00268618	-0.00346584	171.09194946	0.00000000	352.91693115	184.21636963	
7.33924913	0.00767861	0.00305498	0.01410825	64.79509735	14.77915096	10.64464188	10.64464188	2.88276410	0.00513902	0.00896923	0.71912986	0.35956493	8.11819363	2.88276410	0.99812615	6.34112263	0.00535662	0.01946487	-0.00877856	207.26350403	0.00000000	344.25036621	140.04322815	
8.69478416	0.00881404	0.00455517	0.01734217	82.46408844	16.26959229	12.56561947	12.56561947	2.84581685	0.00605191	0.01129025	0.93026334	0.46513167	9.10452747	2.84581685	0.99983251	7.69495201	0.00769473	0.02503690	-0.03057521	181.29312134	0.00000000	275.26550293	97.30478668	
8.66034031	0.00907752	0.00341586	0.01942538	97.33755493	16.51149750	12.77710724	12.77710724	2.85784507	0.00671541	0.01270997	1.27287185	0.63643593	9.50885677	2.85784507	0.99982673	7.66051435	0.00634165	0.02576702	-0.00818898	20.35229492	0.00000000	115.37166595	141.37159729	
8.62547016	0.00879118	0.00303092	0.01746388	77.46012115	16.18661880	11.75983906	11.75983906	2.60605717	0.00617775	0.01128613	0.95079887	0.47539943	8.90383339	2.60605717	0.99982053	7.62565136	0.00374807	0.02121195	-0.00450954	0.00000000	0.00000000	19.35584259	173.84393311	
8.55967808	0.00618397	0.00100430	0.01295200	52.99208832	14.67035294	8.84662724	8.84662724	1.86890924	0.00470000	0.00825200	0.75116056	0.37558028	7.49690485	1.86890924	0.99980760	7.55986929	0.00111239	0.01406439	-0.00366927	0.00000000	0.00000000	106.41631317	181.01519775	
4.95652914	0.00306682	-0.00168060	0.00595107	37.43537140	11.16834545	7.05767822	6.90749741	2.28606772	0.00245213	0.00349893	0.41631046	0.20815523	5.99005079	2.36164999	0.90804124	4.04848814	0.00247418	0.00842524	-0.00385987	40.08812714	0.00000000	220.46012878	178.02342224	
0.00000000	-0.00021445	-0.00434461	0.00000000	10.30197239	4.04508209	2.32780123	0.00000000	0.00000000	0.00000000	0.00000000	0.00000000	0.00000000	2.05409718	1.17152441	0.00000000	0.00000000	0.00000000	0.00000000	-0.00382537	100.40262604	0.00000000	281.88323975	178.60391235	
0.00000000	-0.00014300	-0.00399564	0.00000000	10.30197239	4.04508209	2.32780147	0.00000000	0.00000000	0.00000000	0.00000000	0.00000000	0.00000000	2.05409718	1.17152441	0.00000000	0.00000000	0.00000000	0.00000000	-0.00334207	170.52919006	0.00000000	353.98394775	185.77348328	
