0.00000000	-0.00010558	-0.00223435	0.00000000	49.15442276	11.24898434	9.57730389	0.00000000	0.00000000	0.00000000	0.00000000	0.00000000	0.00000000	6.45064211	5.09247780	0.00000000	0.00000000	0.00000000	0.00000000	-0.01153333	0.00000000	0.00000000	187.36248779	247.56095886	
0.00000000	-0.00008734	-0.00188991	0.00000000	49.15442276	11.24898338	9.57730389	0.00000000	0.00000000	0.00000000	0.00000000	0.00000000	0.00000000	6.45064259	5.09247684	0.00000000	0.00000000	0.00000000	0.00000000	-0.01028437	26.32810783	0.00000000	281.52624512	256.99221802	
0.00000000	-0.00010378	-0.00276894	0.00000000	49.15442276	11.24898434	9.57730389	0.00000000	0.00000000	0.00000000	0.00000000	0.00000000	0.00000000	6.45064211	5.09247780	0.00000000	0.00000000	0.00000000	0.00000000	-0.01081366	102.29856873	0.00000000	352.07141113	251.47938538	
1.06621134	0.00227716	-0.00300702	0.00363335	54.93547821	12.00969982	10.06103420	4.29667616	2.07573938	0.00190556	0.00172779	0.21996368	0.10998184	7.02309561	5.13122606	0.33882812	0.72738338	0.00067038	0.00430373	-0.00927777	93.06437683	0.00000000	353.49722290	262.28533936	
7.70242405	0.00806469	0.00365101	0.01385858	61.66641998	13.88405991	10.78680706	10.78680706	2.98793006	0.00480352	0.00905506	0.57862145	0.28931072	7.62872410	2.98793006	0.99895811	6.70346546	0.00663947	0.02049805	-0.01470679	104.76070404	0.00000000	338.60293579	236.07022095	
8.79285717	0.00924631	0.00284746	0.01876205	86.33476257	16.20502663	12.36463451	12.36463451	2.70746827	0.00655310	0.01220895	1.04251325	0.52125663	9.10738754	2.70746827	0.99984819	7.79300690	0.00602444	0.02478649	-0.02877075	36.93792725	0.00000000	224.24769592	192.68797302	
8.75802231	0.00920786	0.00367830	0.01899532	87.84131622	16.42933464	12.41276073	12.41276073	2.69993782	0.00667014	0.01232518	1.08253932	0.54126966	9.26387787	2.69993782	0.99984276	7.75817919	0.00535567	0.02435099	-0.06671807	0.00000000	0.00000000	93.12834167	152.94194031	
8.72275925	0.00848281	0.00424789	0.01708407	87.03176880	16.17919350	12.86722279	12.86722279	2.91976142	0.00591936	0.01116471	0.95048201	0.47524101	9.12103939	2.91976142	0.99983710	7.72292233	0.00642810	0.02351217	-0.09520528	0.00000000	0.00000000	2.10382414	142.48970032	
8.65622425	0.00710407	0.00252835	0.01437455	69.98031616	15.19778633	11.01389122	11.01389122	2.48222780	0.00503624	0.00933831	0.80787301	0.40393651	8.18618393	2.48222780	0.99982530	7.65640020	0.00365414	0.01802870	-0.03890333	0.00000000	0.00000000	2.18399096	176.95065308	
5.01243448	0.00355630	-0.00002154	0.00659361	41.73267365	11.50117874	7.92523384	7.74027967	2.61337733	0.00263447	0.00395914	0.42887661	0.21443830	6.26717043	2.70792079	0.90895343	4.10348177	0.00312341	0.00971702	-0.02936033	0.00000000	0.00000000	3.69933105	192.27511597	
0.00000000	-0.00018406	-0.00334228	0.00000000	12.94429684	5.46801805	2.86679316	0.00000000	0.00000000	0.00000000	0.00000000	0.00000000	0.00000000	2.83124018	1.46541977	0.00000000	0.00000000	0.00000000	0.00000000	-0.01453547	0.00000000	0.00000000	27.70326424	234.31982422	
0.00000000	-0.00011743	-0.00197706	0.00000000	12.94429779	5.46801805	2.86679292	0.00000000	0.00000000	0.00000000	0.00000000	0.00000000	0.00000000	2.83123994	1.46541977	0.00000000	0.00000000	0.00000000	0.00000000	-0.01112048	0.00000000	0.00000000	109.98454285	251.08717346	
0.00000000	-0.00008136	-0.00158490	0.00000000	12.94429779	5.46801805	2.86679292	0.00000000	0.00000000	0.00000000	0.00000000	0.00000000	0.00000000	2.83123994	1.46541977	0.00000000	0.00000000	0.00000000	0.00000000	-0.01456204	0.00000000	0.00000000	189.21887207	233.76219177	
0.00000000	-0.00009910	-0.00184241	0.00000000	12.94429684	5.46801805	2.86679316	0.00000000	0.00000000	0.00000000	0.00000000	0.00000000	0.00000000	2.83124018	1.46541977	0.00000000	0.00000000	0.00000000	0.00000000	-0.01113252	0.00000000	0.00000000	216.87971497	249.81385803	
0.00000000	-0.00012964	-0.00365005	0.00000000	12.94429779	5.46801805	2.86679292	0.00000000	0.00000000	0.00000000	0.00000000	0.00000000	0.00000000	2.83123994	1.46541977	0.00000000	0.00000000	0.00000000	0.00000000	-0.01063365	1.72842824	0.00000000	241.40420532	252.87184143	
1.17573285	0.00248544	-0.00299783	0.00404004	36.54112244	8.32676792	6.18079805	4.53422451	2.16372156	0.00199707	0.00204297	0.25519621	0.12759811	4.77594137	2.99412584	0.36821148	0.80752140	0.00094118	0.00498122	-0.01122094	39.04196548	0.00000000	289.41561890	249.91293335	
7.47059250	0.00801030	0.00185852	0.01428893	62.26863861	14.34889984	10.43141460	10.43141460	2.79205298	0.00508870	0.00920022	0.66263735	0.33131868	7.89575434	2.79205298	0.99890006	6.47169209	0.00534538	0.01963431	-0.01181965	39.62998581	0.00000000	285.72775269	246.70684814	
8.39199924	0.00822381	0.00203301	0.01613830	72.18459320	15.42592525	11.09276009	11.09276009	2.56755090	0.00571921	0.01041910	0.84822589	0.42411295	8.40461445	2.56755090	0.99977332	7.39222574	0.00574637	0.02188468	-0.02589212	63.46469498	0.00000000	263.02413940	199.64813232	
8.35875416	0.00921140	0.00375322	0.01764319	80.71657562	16.07275009	12.40187454	12.40187454	2.89900208	0.00622685	0.01141633	0.89522469	0.44761235	9.03055096	2.89900208	0.99976569	7.35898781	0.00629205	0.02393525	-0.03569829	30.89400101	0.00000000	211.48431396	182.31297302	
8.32509804	0.00836277	0.00293771	0.01721714	80.11063385	16.14182472	11.68649197	11.68649197	2.62867498	0.00615878	0.01105836	1.02055514	0.51027757	9.03082943	2.62867498	0.99975765	7.32533932	0.00374522	0.02096236	-0.05522516	5.91029549	0.00000000	147.72119141	160.15876770	
8.26159573	0.00663246	0.00220759	0.01301779	61.94758224	14.68913078	10.28807545	10.28807545	2.45097136	0.00460503	0.00841276	0.70339721	0.35169861	7.80789375	2.45097136	0.99974084	7.26185703	0.00368481	0.01670260	-0.02792353	0.00000000	0.00000000	88.56693268	205.83122253	
4.78392315	0.00337092	-0.00061771	0.00605350	35.14050674	10.95701504	6.91106892	6.68122005	2.37360120	0.00248252	0.00357098	0.37756550	0.18878275	5.95604849	2.49638963	0.90507358	3.87885046	0.00191525	0.00796876	-0.01271734	0.00000000	0.00000000	151.74940491	241.06144714	
0.00000000	-0.00020633	-0.00435859	0.00000000	18.44272232	9.36012650	3.56265306	0.00000000	0.00000000	0.00000000	0.00000000	0.00000000	0.00000000	5.37417650	1.90322089	0.00000000	0.00000000	0.00000000	0.00000000	-0.01113903	2.02967286	0.00000000	242.14694214	249.95443726	
0.00000000	-0.00011295	-0.00231466	0.00000000	18.44272423	9.36012745	3.56265306	0.00000000	0.00000000	0.00000000	0.00000000	0.00000000	0.00000000	5.37417650	1.90322089	0.00000000	0.00000000	0.00000000	0.00000000	-0.01214530	66.31438446	0.00000000	314.70260620	245.60688782	
0.00000000	-0.00009422	-0.00194960	0.00000000	18.44272423	9.36012745	3.56265306	0.00000000	0.00000000	0.00000000	0.00000000	0.00000000	0.00000000	5.37417650	1.90322089	0.00000000	0.00000000	0.00000000	0.00000000	-0.01311241	117.05363464	0.00000000	354.36486816	239.46517944	
0.00000000	-0.00008393	-0.00196633	0.00000000	18.44272041	9.36012554	3.56265306	0.00000000	0.00000000	0.00000000	0.00000000	0.00000000	0.00000000	5.37417650	1.90322089	0.00000000	0.00000000	0.00000000	0.00000000	-0.01064906	96.91535950	0.00000000	351.01943970	254.65786743	
0.00000000	-0.00014475	-0.00408335	0.00000000	18.44272423	9.36012745	3.56265306	0.00000000	0.00000000	0.00000000	0.00000000	0.00000000	0.00000000	5.37417650	1.90322089	0.00000000	0.00000000	0.00000000	0.00000000	-0.01241151	114.02589417	0.00000000	354.64559937	242.83018494	
2.76993465	0.00444484	-0.00092816	0.00692719	42.47663116	11.27868938	8.01588440	7.06584358	3.09641600	0.00311397	0.00381322	0.31022474	0.15511237	6.43099976	3.60394144	0.66006505	2.10986900	0.00188927	0.00881646	-0.01185281	92.85530090	0.00000000	337.66546631	246.01635742	
7.82605171	0.00833579	0.00331211	0.01523021	69.15496063	14.77885151	11.08182621	11.08182621	2.89371586	0.00535233	0.00987788	0.74639535	0.37319767	8.21986198	2.89371586	0.99955088	6.82650185	0.00575028	0.02098049	-0.02804178	106.68991852	0.00000000	300.41625977	195.62702942	
8.10442734	0.00932738	0.00354154	0.01832662	83.79413605	16.33252907	12.28442383	12.28442383	2.90247798	0.00653710	0.01178952	1.01392317	0.50696158	9.29296494	2.90247798	0.99969774	7.10472870	0.00578734	0.02411396	-0.05667282	50.94428253	0.00000000	209.71926880	162.82742310	
8.07232285	0.00951615	0.00433582	0.01948804	98.23908997	16.46753120	13.18117237	13.18117237	3.21672153	0.00680873	0.01267931	1.19465899	0.59732950	9.68309975	3.21672153	0.99968791	7.07263470	0.00659182	0.02607987	-0.10345671	0.10475723	0.00000000	57.38287735	135.85041809	
8.03982162	0.00803214	0.00344990	0.01661283	79.92873383	16.15366745	11.60272026	11.60272026	2.70270371	0.00599147	0.01062136	1.02531898	0.51265949	9.10034657	2.70270371	0.99967760	7.04014301	0.00405825	0.02067108	-0.11673924	0.00000000	0.00000000	14.59101391	130.33514404	
7.95556402	0.00733934	0.00366593	0.01431667	75.06487274	15.32241726	11.64397907	11.64397907	2.87912869	0.00506583	0.00925084	0.83386642	0.41693321	8.57180405	2.87912869	0.99964678	6.95591784	0.00447821	0.01879488	-0.08284451	0.00000000	0.00000000	11.34250069	142.57078552	
4.47030544	0.00328012	-0.00156459	0.00616257	46.76381683	12.28987217	8.75086117	8.13599300	3.07682681	0.00266455	0.00349802	0.44922534	0.22461267	6.85205889	3.40418530	0.89771491	3.57259011	0.00300717	0.00916974	-0.02765343	0.00000000	0.00000000	78.91915894	216.58744812	
0.00000000	-0.00017442	-0.00403259	0.00000000	49.14786911	11.10098171	9.53045654	0.00000000	0.00000000	0.00000000	0.00000000	0.00000000	0.00000000	6.37561178	5.07405901	0.00000000	0.00000000	0.00000000	0.00000000	-0.00744167	0.00000000	0.00000000	91.20439911	280.05966187	
0.00000000	-0.00009566	-0.00174890	0.00000000	49.14786530	11.10098171	9.53045654	0.00000000	0.00000000	0.00000000	0.00000000	0.00000000	0.00000000	6.37561178	5.07405949	0.00000000	0.00000000	0.00000000	0.00000000	-0.01467633	0.00000000	0.00000000	114.75910950	231.83282471	
