0.00000000	-0.00007743	-0.00198781	0.00000000	48.03890228	10.97109127	9.38428783	0.00000000	0.00000000	0.00000000	0.00000000	0.00000000	0.00000000	6.26861525	5.02481222	0.00000000	0.00000000	0.00000000	0.00000000	-0.04596846	180.74678040	0.00000000	356.73886108	178.90383911	
0.00000000	-0.00006439	-0.00184706	0.00000000	48.03889847	10.97109032	9.38428974	0.00000000	0.00000000	0.00000000	0.00000000	0.00000000	0.00000000	6.26861525	5.02481222	0.00000000	0.00000000	0.00000000	0.00000000	-0.02184283	158.14355469	0.00000000	356.42178345	201.99516296	
0.00000000	-0.00007525	-0.00217005	0.00000000	48.03890228	10.97109127	9.38428783	0.00000000	0.00000000	0.00000000	0.00000000	0.00000000	0.00000000	6.26861525	5.02481222	0.00000000	0.00000000	0.00000000	0.00000000	-0.02500823	168.54475403	0.00000000	358.81561279	194.65966797	
0.59786761	0.00184066	-0.00256711	0.00277443	54.21977615	11.58785915	9.92395020	4.56460142	2.46884632	0.00184261	0.00093182	0.21473482	0.10736741	6.77551699	5.31880760	0.29604185	0.30182570	0.00004042	0.00281484	-0.01909313	151.72828674	0.00000000	353.95590210	204.19261169	
3.79884338	0.00725349	0.00345560	0.01105914	58.95451355	13.08940411	10.41240406	10.41240406	4.40968132	0.00497663	0.00608251	0.52025640	0.26012820	7.66489935	4.40968132	0.97364527	2.82519770	0.00374808	0.01480722	-0.02176941	146.99655151	0.00000000	344.66168213	199.96382141	
4.26738405	0.00825010	0.00426389	0.01392255	84.55227661	15.52915001	12.23315048	12.23315048	4.76163960	0.00601595	0.00790660	0.94314915	0.47157457	9.64472866	4.76163960	0.98598140	3.28140283	0.00546351	0.01938606	-0.13080913	119.80835724	0.00000000	273.50286865	156.14434814	
4.25047874	0.00398398	0.00219341	0.00861028	86.15982819	7.86567163	6.64183903	6.61238146	2.92338610	0.00343559	0.00517469	0.97906190	0.48953095	5.06436110	2.92362738	0.98574245	3.26473641	0.00314595	0.01175623	-2.71361613	128.89501953	0.00000000	232.12588501	103.58910370	
4.23336506	0.00022316	-0.00015856	0.00335145	84.95213318	1.94622672	1.45345569	1.44845796	0.83469111	0.00116653	0.00218492	0.85937607	0.42968804	1.33755589	0.83628631	0.98549634	3.24786901	0.00034582	0.00369727	-52.01660919	154.07394409	0.00000000	228.65533447	74.50942993	
4.20107460	0.00368004	0.00149330	0.00731034	68.11320496	9.18364525	6.63711786	6.62840080	2.70427966	0.00307738	0.00423296	0.73005801	0.36502901	5.50729942	2.70495987	0.98500788	3.21606660	0.00162035	0.00893069	-8.53689098	104.07924652	0.00000000	220.21563721	116.96419525	
2.43265533	0.00326383	-0.00002956	0.00517257	39.37702560	10.65398026	7.52885818	7.35425949	3.32586503	0.00268679	0.00248578	0.37910962	0.18955481	6.06222105	3.41671324	0.81509864	1.61755705	0.00128253	0.00645510	-0.07830413	25.90582466	0.00000000	186.39045715	161.05223083	
0.00000000	-0.00010529	-0.00311270	0.00000000	12.19033527	5.05018663	2.70628881	0.00000000	0.00000000	0.00000000	0.00000000	0.00000000	0.00000000	2.61064219	1.40815222	0.00000000	0.00000000	0.00000000	0.00000000	-0.04171309	20.80746841	0.00000000	200.10414124	177.87823486	
0.00000000	-0.00006744	-0.00202467	0.00000000	12.19033527	5.05018663	2.70628905	0.00000000	0.00000000	0.00000000	0.00000000	0.00000000	0.00000000	2.61064219	1.40815234	0.00000000	0.00000000	0.00000000	0.00000000	-0.03168889	91.88314819	0.00000000	282.32641602	186.52932739	
0.00000000	-0.00004641	-0.00147673	0.00000000	12.19033527	5.05018663	2.70628905	0.00000000	0.00000000	0.00000000	0.00000000	0.00000000	0.00000000	2.61064219	1.40815234	0.00000000	0.00000000	0.00000000	0.00000000	-0.03954576	172.92710876	0.00000000	351.41921997	179.28385925	
0.00000000	-0.00005593	-0.00159110	0.00000000	12.19033527	5.05018663	2.70628881	0.00000000	0.00000000	0.00000000	0.00000000	0.00000000	0.00000000	2.61064219	1.40815222	0.00000000	0.00000000	0.00000000	0.00000000	-0.02847432	162.85426331	0.00000000	351.72430420	189.58665466	
0.00000000	-0.00007170	-0.00251300	0.00000000	12.19033527	5.05018663	2.70628905	0.00000000	0.00000000	0.00000000	0.00000000	0.00000000	0.00000000	2.61064219	1.40815234	0.00000000	0.00000000	0.00000000	0.00000000	-0.02737837	162.38722229	0.00000000	352.16424561	190.93077087	
0.87110549	0.00249550	-0.00078137	0.00374347	36.81517410	8.13176441	6.26676130	4.88993120	2.54501367	0.00218089	0.00156259	0.25595105	0.12797552	4.69732141	3.24908924	0.37405109	0.49705440	0.00034740	0.00409087	-0.02315598	155.70649719	0.00000000	349.83450317	196.57708740	
4.46421623	0.00782168	0.00414100	0.01236539	60.78472519	13.82672215	10.25076866	10.25076866	3.91366553	0.00521913	0.00714626	0.61564964	0.30782482	8.10935783	3.91366553	0.98641729	3.47779870	0.00359420	0.01595959	-0.02472164	140.27947998	0.00000000	335.47753906	196.12562561	
4.91458368	0.00843239	0.00401320	0.01402346	70.93757629	14.95379066	10.98776245	10.98776245	3.91959238	0.00577314	0.00825031	0.78975552	0.39487776	8.89116859	3.91959238	0.99266106	3.92192221	0.00436498	0.01838844	-0.03136267	135.13813782	0.00000000	329.78451538	194.70773315	
4.89511442	0.00907103	0.00491142	0.01499873	79.30686188	15.57651997	12.27897835	12.27897835	4.40746021	0.00615451	0.00884421	0.83333147	0.41666573	9.44595909	4.40746021	0.99251688	3.90259767	0.00509633	0.02009505	-0.04645740	120.48746490	0.00000000	303.07174683	183.24935913	
4.87540579	0.00735774	0.00436619	0.01316465	79.01720428	15.14720440	11.40098286	11.39233112	4.06120682	0.00542596	0.00773869	0.94978887	0.47489443	9.26081562	4.06120682	0.99236786	3.88303685	0.00437485	0.01753950	-0.37252185	137.96496582	0.00000000	270.03576660	133.64578247	
4.83181238	-0.00023628	-0.00027251	0.00234752	60.60313416	0.54381812	0.54530632	0.54121697	0.51841044	0.00062766	0.00171986	0.65424746	0.32712373	0.53698933	0.52069771	0.99201375	3.83979869	0.00000000	0.00234752	-28.10485268	203.65000916	0.00000000	278.85052490	72.74996948	
2.75568175	0.00156183	-0.00057288	0.00295967	33.66299438	6.87338161	4.29299116	4.05706406	2.03319621	0.00151375	0.00144591	0.34396800	0.17198400	3.92397833	2.16276360	0.83655483	1.91912723	0.00042810	0.00338777	-1.91896951	214.02694702	0.00000000	355.55639648	145.05426025	
0.00000000	-0.00011703	-0.00369101	0.00000000	18.25488472	8.98330402	3.54626417	0.00000000	0.00000000	0.00000000	0.00000000	0.00000000	0.00000000	5.15920973	1.98452270	0.00000000	0.00000000	0.00000000	0.00000000	-0.02979730	163.29237366	0.00000000	351.54437256	189.14407349	
0.00000000	-0.00006450	-0.00227932	0.00000000	18.25488472	8.98330402	3.54626417	0.00000000	0.00000000	0.00000000	0.00000000	0.00000000	0.00000000	5.15920973	1.98452282	0.00000000	0.00000000	0.00000000	0.00000000	-0.02074236	159.27163696	0.00000000	356.25595093	200.08993530	
0.00000000	-0.00005336	-0.00175097	0.00000000	18.25488472	8.98330402	3.54626417	0.00000000	0.00000000	0.00000000	0.00000000	0.00000000	0.00000000	5.15920973	1.98452282	0.00000000	0.00000000	0.00000000	0.00000000	-0.02656845	163.58795166	0.00000000	354.38714600	192.99769592	
0.00000000	-0.00004737	-0.00160672	0.00000000	18.25488472	8.98330402	3.54626417	0.00000000	0.00000000	0.00000000	0.00000000	0.00000000	0.00000000	5.15920973	1.98452270	0.00000000	0.00000000	0.00000000	0.00000000	-0.02353000	154.79702759	0.00000000	351.01943970	196.77619934	
0.00000000	-0.00008033	-0.00307932	0.00000000	18.25488472	8.98330402	3.54626417	0.00000000	0.00000000	0.00000000	0.00000000	0.00000000	0.00000000	5.15920973	1.98452282	0.00000000	0.00000000	0.00000000	0.00000000	-0.01699697	149.61151123	0.00000000	354.64559937	207.24455261	
2.63258266	0.00477873	0.00132269	0.00720190	48.48865891	11.51336956	8.80264091	8.20859528	3.85970831	0.00350101	0.00370089	0.37616718	0.18808359	6.67842531	4.19046211	0.72922868	1.90335393	0.00182776	0.00902965	-0.03069691	146.26274109	0.00000000	333.75332642	188.80302429	
6.15881491	0.00826399	0.00454137	0.01405365	68.54777527	14.56972408	11.01464272	11.01464272	3.48481655	0.00527011	0.00878354	0.72443682	0.36221841	8.41530895	3.48481655	0.99780989	5.16100502	0.00539026	0.01944391	-0.02574360	107.56442261	0.00000000	304.36343384	198.21446228	
6.29503345	0.00497442	0.00310216	0.01113846	83.26478577	10.25189304	7.97198296	7.95947742	2.58503294	0.00391010	0.00722836	0.98310727	0.49155363	6.14951038	2.58504415	0.99815452	5.29687929	0.00506291	0.01620137	-2.57872868	135.25543213	0.00000000	246.77296448	112.66684723	
6.27009487	0.00025388	-0.00040688	0.00588416	97.66365814	1.99861753	1.73338377	1.72725356	0.87437296	0.00154214	0.00434202	1.15823269	0.57911634	1.41257429	0.87464476	0.99810791	5.27198744	0.00074940	0.00663356	-34.38629913	187.71286011	0.00000000	268.05618286	78.94940948	
6.24484968	0.00123285	0.00040080	0.00642021	79.47381592	4.27692938	3.16833639	3.14793038	1.26100373	0.00192820	0.00449201	0.99395478	0.49697739	2.65304518	1.26100373	0.99805957	5.24679089	0.00129021	0.00771042	-14804394.00000000	226.87112427	0.00000000	305.43630981	77.07120514	
6.16838026	0.00081207	0.00002212	0.00482973	74.46217346	3.53951669	2.40810537	2.40455008	0.99224573	0.00143885	0.00339089	0.80796218	0.40398109	2.12628055	0.99269384	0.99789226	5.17048836	0.00060939	0.00543912	-135.08827209	251.89727783	0.00000000	339.25125122	84.80376434	
3.41617346	0.00317427	-0.00043214	0.00548518	45.84264374	11.96745777	8.60524845	8.00275421	3.37925887	0.00260802	0.00287716	0.42960250	0.21480125	6.78440857	3.70226383	0.86701548	2.54915833	0.00242961	0.00791479	-0.08149780	184.58940125	0.00000000	338.24826050	158.89465332	
0.00000000	-0.00012580	-0.00292343	0.00000000	48.03002930	10.82736206	9.33866692	0.00000000	0.00000000	0.00000000	0.00000000	0.00000000	0.00000000	6.19592333	5.00657654	0.00000000	0.00000000	0.00000000	0.00000000	-0.04370187	169.55998230	0.00000000	347.07992554	176.98239136	
0.00000000	-0.00007010	-0.00175176	0.00000000	48.03002930	10.82736206	9.33866596	0.00000000	0.00000000	0.00000000	0.00000000	0.00000000	0.00000000	6.19592333	5.00657654	0.00000000	0.00000000	0.00000000	0.00000000	-0.02667094	157.65995789	0.00000000	350.77423096	193.73568726	
