0.00000000	-0.00009711	-0.00193456	0.00000000	11.46338749	4.34610653	2.59467244	0.00000000	0.00000000	0.00000000	0.00000000	0.00000000	0.00000000	2.19840932	1.22980762	0.00000000	0.00000000	0.00000000	0.00000000	-0.02124906	27.60869217	1.38249934	353.01690674	326.53637695	
0.00000000	-0.00008007	-0.00159293	0.00000000	11.46338844	4.34610701	2.59467244	0.00000000	0.00000000	0.00000000	0.00000000	0.00000000	0.00000000	2.19840932	1.22980750	0.00000000	0.00000000	0.00000000	0.00000000	-0.01579671	11.42941093	3.37957835	356.42178345	348.84188843	
0.00000000	-0.00009289	-0.00185449	0.00000000	11.46338749	4.34610653	2.59467244	0.00000000	0.00000000	0.00000000	0.00000000	0.00000000	0.00000000	2.19840932	1.22980762	0.00000000	0.00000000	0.00000000	0.00000000	-0.01544627	12.83075047	4.40146255	358.81561279	350.58386230	
0.29264882	0.00081236	-0.00328958	0.00138225	26.78689384	6.13887548	4.87858391	2.64325643	1.14885283	0.00103489	0.00034737	0.11617034	0.05808517	3.31283617	2.09170485	0.15395184	0.13869698	0.00000000	0.00138225	-0.01465382	3.50931311	2.20831299	354.42486572	354.92813110	
4.98584890	0.00749908	0.00390419	0.01219739	83.40401459	13.49541283	13.13274574	12.46937752	2.51261449	0.00670800	0.00548939	0.60354412	0.30177206	6.76278687	2.51261449	0.98494935	4.00089931	0.00249620	0.01469358	-0.02361361	24.45786285	0.44059545	342.88983154	328.29238892	
6.25826359	0.00816118	0.00428344	0.01582516	132.55578613	15.47292614	15.52554989	14.82653141	1.90652680	0.00877261	0.00705255	1.11262357	0.55631179	7.50869274	1.90652680	0.99808538	5.26017809	0.00272518	0.01855034	-0.16909172	34.21568680	0.00000000	260.18026733	233.82514954	
6.23347139	0.00806846	0.00367716	0.01595642	136.06835938	15.61928272	15.64323616	14.94905186	1.89231133	0.00889141	0.00706502	1.15518093	0.57759047	7.59486532	1.89231133	0.99803728	5.23543453	0.00232419	0.01828062	-0.18919788	10.32014751	0.00000000	176.31309509	234.15667725	
6.20837307	0.00796633	0.00368513	0.01512755	130.93240356	15.51820660	15.93466187	14.93115425	2.08870769	0.00821107	0.00691649	1.01412630	0.50706315	7.62453270	2.08870769	0.99798745	5.21038580	0.00216190	0.01728945	-0.08009803	0.00000000	0.00000000	152.83763123	249.01086426	
6.16779852	0.00651628	0.00224569	0.01251328	103.92172241	14.77794838	14.05729103	13.35098839	1.78043973	0.00695386	0.00555941	0.86187595	0.43093798	6.76028109	1.78043973	0.99790180	5.16989613	0.00108172	0.01359500	-0.04661148	0.00000000	0.00000000	151.62828064	283.39654541	
3.62736535	0.00367988	0.00011931	0.00639542	55.94607162	11.48029613	9.94638157	9.57039547	2.14862514	0.00378132	0.00261410	0.45303455	0.22651727	5.65900278	2.24041796	0.87755513	2.74980998	0.00136091	0.00775633	-0.02793216	0.00000000	0.00000000	153.58480835	308.45620728	
0.00000000	-0.00015632	-0.00301672	0.00000000	15.64101982	5.77018595	3.48204756	0.00000000	0.00000000	0.00000000	0.00000000	0.00000000	0.00000000	2.91439509	1.42279172	0.00000000	0.00000000	0.00000000	0.00000000	-0.02118316	0.00000000	0.00000000	177.25625610	327.39736938	
0.00000000	-0.00009961	-0.00173043	0.00000000	15.64101982	5.77018595	3.48204756	0.00000000	0.00000000	0.00000000	0.00000000	0.00000000	0.00000000	2.91439533	1.42279160	0.00000000	0.00000000	0.00000000	0.00000000	-0.01815378	0.08997633	0.00000000	259.53750610	338.50833130	
0.00000000	-0.00006876	-0.00136785	0.00000000	15.64101982	5.77018595	3.48204756	0.00000000	0.00000000	0.00000000	0.00000000	0.00000000	0.00000000	2.91439533	1.42279160	0.00000000	0.00000000	0.00000000	0.00000000	-0.01868385	6.40754557	0.06267981	338.39239502	337.53756714	
0.00000000	-0.00008288	-0.00141994	0.00000000	15.64101982	5.77018595	3.48204756	0.00000000	0.00000000	0.00000000	0.00000000	0.00000000	0.00000000	2.91439486	1.42279172	0.00000000	0.00000000	0.00000000	0.00000000	-0.01584274	4.42552900	0.81042868	351.72015381	348.70111084	
0.00000000	-0.00010559	-0.00220730	0.00000000	15.64101982	5.77018595	3.48204756	0.00000000	0.00000000	0.00000000	0.00000000	0.00000000	0.00000000	2.91439533	1.42279160	0.00000000	0.00000000	0.00000000	0.00000000	-0.01395240	0.52240360	1.11483240	352.16424561	358.65042114	
0.07187779	0.00018401	-0.00383142	0.00046209	25.45876884	6.41968250	4.54098606	1.22651529	0.64682269	0.00037828	0.00008381	0.06672211	0.03336105	3.38771009	1.92733538	0.04924155	0.02263623	0.00000000	0.00046209	-0.01420733	3.14912033	1.75425637	353.08013916	358.05902100	
4.79878902	0.00729757	0.00278508	0.01226908	88.43133545	13.79611683	13.09935570	12.60532665	2.35561347	0.00700196	0.00526711	0.68650949	0.34325475	6.83313084	2.35561347	0.96842492	3.83036470	0.00203363	0.01430271	-0.01724591	8.10462284	1.03097963	338.25750732	342.65582275	
6.73234606	0.00758960	0.00248251	0.01458100	109.02988434	15.07278728	14.24742031	13.54667473	1.59446299	0.00812468	0.00645632	0.91848701	0.45924351	6.66899061	1.59446299	0.99880815	5.73353720	0.00227214	0.01685314	-0.02257805	2.71701813	0.00000000	314.52239990	323.02932739	
6.70601225	0.00845181	0.00363705	0.01592312	121.61579895	15.58233070	15.72549534	14.94709682	1.81252849	0.00879130	0.00713182	0.96929932	0.48464966	7.29702473	1.81252849	0.99877638	5.70723438	0.00237975	0.01830287	-0.03251849	1.03294897	0.00000000	275.40780640	302.50396729	
6.67901230	0.00733672	0.00265347	0.01508395	124.57199860	15.64279079	15.11353016	14.52853298	1.59418654	0.00850779	0.00657616	1.10490465	0.55245233	7.17933226	1.59418654	0.99874294	5.68026829	0.00124290	0.01632685	-0.06917248	0.43747181	0.00000000	223.91134644	251.74728394	
6.64122057	0.00603136	0.00195183	0.01173598	90.67282867	14.52563667	13.32938957	12.64816284	1.55529714	0.00650591	0.00523007	0.76158059	0.38079029	6.22697306	1.55529714	0.99869365	5.64252806	0.00119478	0.01293076	-0.03479244	0.00000000	0.00000000	181.62501526	300.47122192	
3.96805573	0.00341062	0.00001085	0.00596998	47.81875229	11.19221592	9.03152275	8.62621689	1.80139971	0.00354474	0.00242524	0.40762642	0.20381321	5.34400082	1.90371168	0.88860273	3.07945204	0.00087181	0.00684178	-0.01974140	0.00000000	0.00000000	241.32821655	332.86840820	
0.00000000	-0.00018185	-0.00356550	0.00000000	29.46632576	9.86322021	5.70563316	0.00000000	0.00000000	0.00000000	0.00000000	0.00000000	0.00000000	4.97782755	1.58583462	0.00000000	0.00000000	0.00000000	0.00000000	-0.01677383	0.32229379	0.00000000	329.91067505	344.40972900	
0.00000000	-0.00009959	-0.00182066	0.00000000	29.46632385	9.86322021	5.70563269	0.00000000	0.00000000	0.00000000	0.00000000	0.00000000	0.00000000	4.97782755	1.58583462	0.00000000	0.00000000	0.00000000	0.00000000	-0.01940226	24.54729080	2.98584676	355.88113403	334.17007446	
0.00000000	-0.00008292	-0.00146064	0.00000000	29.46632385	9.86322021	5.70563269	0.00000000	0.00000000	0.00000000	0.00000000	0.00000000	0.00000000	4.97782755	1.58583462	0.00000000	0.00000000	0.00000000	0.00000000	-0.02151377	29.36602402	2.19558144	354.38714600	327.58364868	
0.00000000	-0.00007371	-0.00150550	0.00000000	29.46632576	9.86322021	5.70563364	0.00000000	0.00000000	0.00000000	0.00000000	0.00000000	0.00000000	4.97782755	1.58583462	0.00000000	0.00000000	0.00000000	0.00000000	-0.01283797	1.03998625	0.52441084	351.01943970	366.47412109	
0.00000000	-0.00012500	-0.00270304	0.00000000	29.46632385	9.86322021	5.70563269	0.00000000	0.00000000	0.00000000	0.00000000	0.00000000	0.00000000	4.97782755	1.58583462	0.00000000	0.00000000	0.00000000	0.00000000	-0.01833356	24.24601746	2.28536224	354.64559937	344.53567505	
0.77133316	0.00178340	-0.00255591	0.00279675	40.02983093	10.40898609	7.59745455	4.01532745	1.55044067	0.00184307	0.00095368	0.15484567	0.07742283	5.45228624	2.50194144	0.31016216	0.46117103	0.00015673	0.00295347	-0.01717032	8.52533340	0.32572994	349.42562866	343.36984253	
5.57219219	0.00742491	0.00342511	0.01307746	100.46242523	14.34555531	13.85804653	13.18434334	2.19763231	0.00724773	0.00582973	0.79140258	0.39570129	6.97298956	2.19763231	0.99411619	4.57807636	0.00257594	0.01565340	-0.03192930	34.75035858	0.03775904	334.87426758	301.35809326	
6.36104727	0.00808885	0.00350677	0.01576944	128.85386658	15.69099045	15.59625244	14.92430210	1.84723330	0.00881563	0.00695381	1.09387755	0.54693878	7.50793171	1.84723330	0.99827236	5.36277485	0.00275979	0.01852923	-0.07394119	25.60506058	0.00000000	272.31683350	249.69378662	
6.33584929	0.00796969	0.00374993	0.01643205	152.49484253	15.55564117	16.04898834	15.21214581	2.03448057	0.00885137	0.00758068	1.28874099	0.64437050	7.80571413	2.03448057	0.99822831	5.33761978	0.00297379	0.01940584	-0.15987174	0.27266899	0.00000000	168.99908447	210.00817871	
6.31033707	0.00673658	0.00308716	0.01403940	124.38744354	15.52513313	14.94109535	14.32846165	1.70106292	0.00797089	0.00606850	1.10595715	0.55297858	7.24620485	1.70106292	0.99818248	5.31215477	0.00201869	0.01605809	-0.22403347	0.42756227	0.00000000	164.20860291	195.65533447	
6.26220465	0.00686236	0.00233682	0.01306678	112.09837341	14.82927513	14.63604736	13.96100330	1.87507176	0.00718829	0.00587850	0.89956677	0.44978338	6.95629883	1.87507176	0.99808937	5.26411438	0.00128669	0.01435348	-0.03051143	0.00000000	0.00000000	158.44947815	302.85244751	
3.62616444	0.00344021	-0.00054346	0.00615439	63.41620636	12.36578083	11.11039829	10.20770550	2.38832617	0.00374426	0.00241013	0.48271683	0.24135841	6.19653559	2.70349979	0.87671530	2.74944901	0.00163055	0.00778493	-0.02365773	0.00000000	0.00000000	221.94372559	323.59008789	
0.00000000	-0.00015705	-0.00347169	0.00000000	60.98093414	11.29946995	11.38758278	0.00000000	0.00000000	0.00000000	0.00000000	0.00000000	0.00000000	6.46014881	4.88519335	0.00000000	0.00000000	0.00000000	0.00000000	-0.01037315	0.00000000	0.00000000	236.85459900	388.35525513	
0.00000000	-0.00008750	-0.00174886	0.00000000	60.98093414	11.29946995	11.38758183	0.00000000	0.00000000	0.00000000	0.00000000	0.00000000	0.00000000	6.46014833	4.88519335	0.00000000	0.00000000	0.00000000	0.00000000	-0.02486235	0.00000000	0.00000000	260.40927124	321.42926025	
0.00000000	-0.00007084	-0.00140296	0.00000000	60.98093414	11.29946995	11.38758183	0.00000000	0.00000000	0.00000000	0.00000000	0.00000000	0.00000000	6.46014833	4.88519335	0.00000000	0.00000000	0.00000000	0.00000000	-0.02293476	1.06185865	0.00000000	285.97384644	325.52767944	
0.00000000	-0.00008241	-0.00148710	0.00000000	60.98093033	11.29946995	11.38758278	0.00000000	0.00000000	0.00000000	0.00000000	0.00000000	0.00000000	6.46014881	4.88519335	0.00000000	0.00000000	0.00000000	0.00000000	-0.01996811	0.00000000	0.00000000	293.46136475	335.18872070	
0.00000000	-0.00009812	-0.00216406	0.00000000	60.98093414	11.29946995	11.38758183	0.00000000	0.00000000	0.00000000	0.00000000	0.00000000	0.00000000	6.46014833	4.88519335	0.00000000	0.00000000	0.00000000	0.00000000	-0.02192139	32.08349609	3.77068901	356.90750122	331.26153564	
0.03593872	-0.00001956	-0.00348152	0.00017094	59.86574554	11.21100521	11.20658016	0.57817036	0.23568067	0.00015138	0.00001956	0.02147807	0.01073904	6.39584064	4.79519463	0.02717515	0.00876357	0.00000000	0.00017094	-0.02885266	50.82477570	4.66110182	359.54061890	313.73449707	
4.57303524	0.00679470	0.00219817	0.01183790	92.07712555	14.16683388	13.32398415	12.74450779	2.50557399	0.00696701	0.00487088	0.74286348	0.37143174	6.97246504	2.50557399	0.95653999	3.61649513	0.00200928	0.01384718	-0.02812357	41.08546448	2.57299733	349.18658447	311.34451294	
6.66868591	0.00841343	0.00337579	0.01598447	124.09948730	15.72957325	15.86118698	15.10540295	1.86372507	0.00878503	0.00719944	1.00236082	0.50118041	7.43961048	1.86372507	0.99872988	5.66995573	0.00296754	0.01895201	-0.03927537	13.07955456	0.00000000	293.87274170	285.78945923	
6.64360094	0.00798504	0.00230496	0.01692566	152.28471375	15.58160400	15.66219044	14.90003872	1.79878294	0.00912879	0.00779687	1.37141955	0.68570977	7.56958199	1.79878294	0.99869764	5.64490414	0.00218330	0.01910897	-0.03753959	0.00000000	0.00000000	186.76156616	290.71902466	
6.61685133	0.00773054	0.00159921	0.01520860	117.78981781	15.70292473	15.14549065	14.41367531	1.68482459	0.00849775	0.00671085	1.02430856	0.51215428	7.18019772	1.68482459	0.99866229	5.61818933	0.00106129	0.01626990	-0.01759609	0.00000000	0.00000000	157.03094482	358.88638306	
6.57941294	0.00548283	-0.00021297	0.01132104	81.02402496	14.53724194	12.18607426	12.02998161	1.19683480	0.00668393	0.00463710	0.80927783	0.40463892	5.85255957	1.19683480	0.99861044	5.58080196	0.00019222	0.01151325	-0.01018802	0.00000000	0.00000000	249.00090027	395.66586304	
3.93112540	0.00326115	-0.00153617	0.00596445	51.86928177	11.30975723	9.22788239	8.87435627	1.71213901	0.00362202	0.00234243	0.44647938	0.22323969	5.21842957	1.79143429	0.88759363	3.04353166	0.00109746	0.00706191	-0.00554937	0.00000000	1.21772647	346.51629639	438.03771973	
0.00000000	-0.00018412	-0.00372834	0.00000000	11.46226120	4.33236885	2.59297872	0.00000000	0.00000000	0.00000000	0.00000000	0.00000000	0.00000000	2.19199395	1.22907627	0.00000000	0.00000000	0.00000000	0.00000000	-0.00906265	1.51176262	2.75747514	355.62893677	403.94403076	
0.00000000	-0.00012004	-0.00266697	0.00000000	11.46226025	4.33236885	2.59297872	0.00000000	0.00000000	0.00000000	0.00000000	0.00000000	0.00000000	2.19199395	1.22907627	0.00000000	0.00000000	0.00000000	0.00000000	-0.01114837	0.12626387	3.04770088	355.91116333	377.65722656	
