0.00000000	-0.00009531	-0.00196224	0.00000000	11.44475460	4.33903551	2.59048939	0.00000000	0.00000000	0.00000000	0.00000000	0.00000000	0.00000000	2.19485378	1.22828627	0.00000000	0.00000000	0.00000000	0.00000000	-0.00519502	2.99603772	1.63712430	126.36036682	126.67158508	
0.00000000	-0.00007861	-0.00157887	0.00000000	11.44475365	4.33903551	2.59048891	0.00000000	0.00000000	0.00000000	0.00000000	0.00000000	0.00000000	2.19485378	1.22828615	0.00000000	0.00000000	0.00000000	0.00000000	-0.00494904	5.30594492	3.06684136	127.94126892	128.60356140	
0.00000000	-0.00009123	-0.00185535	0.00000000	11.44475460	4.33903551	2.59048939	0.00000000	0.00000000	0.00000000	0.00000000	0.00000000	0.00000000	2.19485378	1.22828627	0.00000000	0.00000000	0.00000000	0.00000000	-0.00476714	7.54003859	4.41930294	129.21128845	129.87654114	
0.27844995	0.00077724	-0.00334964	0.00132678	26.68169594	6.12078667	4.86472845	2.63176227	1.15487540	0.00100428	0.00032249	0.11525933	0.05762966	3.30420089	2.09656119	0.15032981	0.12812012	0.00000000	0.00132678	-0.00439316	3.31307983	2.36073852	126.78651428	133.07044983	
4.74394321	0.00715446	0.00340469	0.01163479	83.00836182	13.44137955	13.09066868	12.42342377	2.61696959	0.00644967	0.00518512	0.59873140	0.29936570	6.81802845	2.61696959	0.98216784	3.76177526	0.00285363	0.01448842	-0.00536286	0.62995309	0.36974910	116.14236450	125.92866516	
5.95462179	0.00815020	0.00313724	0.01556522	132.24180603	15.46067905	15.53101444	14.82095337	2.02751279	0.00867296	0.00689226	1.10498261	0.55249131	7.64166546	2.02751279	0.99740607	4.95721579	0.00286346	0.01842869	-0.00990703	0.00000000	0.00000000	74.27497864	104.42592621	
5.93103218	0.00817674	0.00320024	0.01583900	135.76332092	15.64260292	15.66562748	14.95726585	2.01419401	0.00887349	0.00696551	1.14722228	0.57361114	7.74961758	2.01419401	0.99734420	4.93368864	0.00233209	0.01817109	-0.01839176	0.01822961	0.00000000	73.91910553	86.78305817	
5.90715170	0.00768587	0.00344455	0.01453695	130.57174683	15.47871304	15.91666985	14.89773178	2.21445251	0.00792734	0.00660961	1.00711811	0.50355905	7.73632908	2.21445251	0.99728006	4.90987253	0.00261655	0.01715351	-0.02462396	0.02069356	0.00000000	72.86283112	81.76203918	
5.86854601	0.00646864	0.00223668	0.01225935	103.61880493	14.73787498	14.03710842	13.32247829	1.88713503	0.00684810	0.00541125	0.85589242	0.42794621	6.86933327	1.88713503	0.99717027	4.87137508	0.00122954	0.01348889	-0.01149127	0.00000000	0.00000000	72.25642395	99.51953888	
3.45137119	0.00349379	0.00013993	0.00607729	55.65699768	11.42507744	9.90508175	9.52836418	2.21222258	0.00363080	0.00244649	0.44918743	0.22459371	5.68817091	2.30401802	0.87136960	2.58000135	0.00154072	0.00761800	-0.01096575	0.00000000	0.00000000	73.79903412	101.08950043	
0.00000000	-0.00015031	-0.00295907	0.00000000	15.56225681	5.73889112	3.46497107	0.00000000	0.00000000	0.00000000	0.00000000	0.00000000	0.00000000	2.89983439	1.42282987	0.00000000	0.00000000	0.00000000	0.00000000	-0.00652210	0.00000000	0.00000000	97.50113678	118.84571838	
0.00000000	-0.00009575	-0.00169653	0.00000000	15.56225681	5.73889112	3.46497130	0.00000000	0.00000000	0.00000000	0.00000000	0.00000000	0.00000000	2.89983439	1.42282975	0.00000000	0.00000000	0.00000000	0.00000000	-0.00559563	9.56579876	4.05657625	129.01937866	123.88950348	
0.00000000	-0.00006608	-0.00132227	0.00000000	15.56225681	5.73889112	3.46497130	0.00000000	0.00000000	0.00000000	0.00000000	0.00000000	0.00000000	2.89983439	1.42282975	0.00000000	0.00000000	0.00000000	0.00000000	-0.00658430	8.07478809	0.70446640	125.38987732	118.38406372	
0.00000000	-0.00007962	-0.00138708	0.00000000	15.56225681	5.73889112	3.46497107	0.00000000	0.00000000	0.00000000	0.00000000	0.00000000	0.00000000	2.89983439	1.42282987	0.00000000	0.00000000	0.00000000	0.00000000	-0.00524794	1.77586901	0.90129435	125.70125580	126.36295319	
0.00000000	-0.00010138	-0.00212672	0.00000000	15.56225681	5.73889112	3.46497130	0.00000000	0.00000000	0.00000000	0.00000000	0.00000000	0.00000000	2.89983439	1.42282975	0.00000000	0.00000000	0.00000000	0.00000000	-0.00492515	1.48110616	1.09010017	125.71386719	128.65605164	
0.07053535	0.00018421	-0.00364386	0.00045427	25.37198067	6.39006186	4.52433252	1.22505951	0.64756411	0.00037309	0.00008118	0.06657686	0.03328843	3.37369394	1.92811120	0.04863227	0.02190308	0.00000000	0.00045427	-0.00500524	3.03302860	1.71167064	125.95413971	128.19717407	
4.70916510	0.00702998	0.00265458	0.01186575	88.30223846	13.77681923	13.08699322	12.59106922	2.39353371	0.00679924	0.00506650	0.68447435	0.34223717	6.85746431	2.39353371	0.96696776	3.74219680	0.00236557	0.01423132	-0.00516573	1.92139864	1.11735988	110.46436310	127.26535034	
6.60660839	0.00723653	0.00255702	0.01402968	108.92710876	15.05905342	14.24161339	13.53775501	1.63311660	0.00783830	0.00619138	0.91625327	0.45812663	6.71572208	1.63311660	0.99864858	5.60796070	0.00278437	0.01681404	-0.00955802	1.28674638	0.00000000	87.55142975	105.69013977	
6.58076668	0.00799156	0.00354262	0.01522844	121.49803925	15.56812859	15.71882534	14.93644047	1.85568678	0.00842475	0.00680370	0.96693444	0.48346722	7.34469652	1.85568678	0.99861324	5.58215427	0.00303109	0.01825953	-0.01299667	0.00000000	0.00000000	77.52191925	96.27200317	
6.55427027	0.00723558	0.00248587	0.01484449	124.47463989	15.62929916	15.10883427	14.51998901	1.63500035	0.00838886	0.00645563	1.10220051	0.55110025	7.22920322	1.63500035	0.99857587	5.55569410	0.00144594	0.01629043	-0.01916163	0.65577805	0.00000000	75.61672211	85.18894196	
6.51718569	0.00580923	0.00202905	0.01137173	90.57134247	14.51124001	13.32180405	12.63874340	1.59125185	0.00632590	0.00504583	0.75970864	0.37985432	6.27024651	1.59125185	0.99852115	5.51866436	0.00152696	0.01289869	-0.01326640	0.10961545	0.00000000	80.79692841	98.58897400	
3.89394569	0.00325046	-0.00008258	0.00573162	47.72874069	11.17189217	9.01752567	8.61191654	1.82289410	0.00341624	0.00231538	0.40635985	0.20317993	5.35643864	1.92554140	0.88655555	3.00739074	0.00106672	0.00679834	-0.00557552	7.66055107	3.55559707	121.79882812	123.97042084	
0.00000000	-0.00017713	-0.00350164	0.00000000	29.44732857	9.84949017	5.70287132	0.00000000	0.00000000	0.00000000	0.00000000	0.00000000	0.00000000	4.97561502	1.59103382	0.00000000	0.00000000	0.00000000	0.00000000	-0.00507719	1.12335062	0.77453095	125.31490326	127.46636200	
0.00000000	-0.00009701	-0.00181005	0.00000000	29.44732857	9.84949017	5.70287085	0.00000000	0.00000000	0.00000000	0.00000000	0.00000000	0.00000000	4.97561502	1.59103382	0.00000000	0.00000000	0.00000000	0.00000000	-0.00561221	8.02516460	3.13447738	128.02291870	123.86016846	
0.00000000	-0.00008079	-0.00146009	0.00000000	29.44732857	9.84949017	5.70287085	0.00000000	0.00000000	0.00000000	0.00000000	0.00000000	0.00000000	4.97561502	1.59103382	0.00000000	0.00000000	0.00000000	0.00000000	-0.00620560	9.07784271	2.19426656	126.91812897	120.03612518	
0.00000000	-0.00007182	-0.00144292	0.00000000	29.44732857	9.84949017	5.70287180	0.00000000	0.00000000	0.00000000	0.00000000	0.00000000	0.00000000	4.97561502	1.59103382	0.00000000	0.00000000	0.00000000	0.00000000	-0.00500309	0.96541291	0.49621919	125.14536285	128.08712769	
0.00000000	-0.00012183	-0.00271887	0.00000000	29.44732857	9.84949017	5.70287085	0.00000000	0.00000000	0.00000000	0.00000000	0.00000000	0.00000000	4.97561502	1.59103382	0.00000000	0.00000000	0.00000000	0.00000000	-0.00534938	4.83464622	2.37038589	127.04647827	125.52529907	
0.74134308	0.00171398	-0.00254999	0.00269064	39.89312363	10.38061619	7.57723331	3.99768353	1.56079853	0.00179425	0.00089639	0.15371367	0.07685684	5.44416523	2.51541901	0.30615017	0.43519294	0.00018029	0.00287093	-0.00515485	0.81443155	0.30565608	123.10423279	127.01625824	
5.35554123	0.00708734	0.00318819	0.01250798	100.18658447	14.30858231	13.83615685	13.15647984	2.28526521	0.00697183	0.00553615	0.78668547	0.39334273	7.04156017	2.28526521	0.99293721	4.36260414	0.00300950	0.01551748	-0.01070565	8.35386181	0.03095109	109.12547302	102.49488831	
6.11372471	0.00787475	0.00308370	0.01529015	128.61550903	15.66082478	15.58432198	14.90332317	1.94117403	0.00857713	0.00671302	1.08798170	0.54399085	7.60589361	1.94117403	0.99778759	5.11593723	0.00313620	0.01842635	-0.01806645	1.07369065	0.00000000	79.09558105	87.07292938	
6.08950472	0.00808567	0.00315149	0.01635032	152.23129272	15.52789497	16.03904343	15.19082451	2.13881612	0.00883772	0.00751260	1.28177297	0.64088649	7.90326929	2.13881612	0.99773329	5.09177160	0.00294101	0.01929133	-0.02630951	0.99104124	0.00000000	73.69647980	77.87603760	
6.06498671	0.00705698	0.00257752	0.01425338	124.17430115	15.49569607	14.93130398	14.31013870	1.78985643	0.00810969	0.00614369	1.09995925	0.54997963	7.34741020	1.78985643	0.99767715	5.06730986	0.00171731	0.01597069	-0.03025297	10.89428520	0.00000000	83.44265747	74.39849091	
6.01872444	0.00672113	0.00278210	0.01272395	111.84656525	14.79801750	14.61921597	13.93759251	1.96461117	0.00702831	0.00569564	0.89466172	0.44733086	7.04540205	1.96461117	0.99756283	5.02116108	0.00154272	0.01426666	-0.01443002	0.02269609	0.00000000	78.87587738	92.69350433	
3.48517632	0.00323284	-0.00030224	0.00582013	63.15708923	12.32105064	11.07592487	10.17390251	2.44334435	0.00357240	0.00224773	0.47945297	0.23972648	6.21747303	2.75864553	0.87179655	2.61337900	0.00184809	0.00766822	-0.01238442	16.50927162	1.05634630	110.78994751	97.65966034	
0.00000000	-0.00015169	-0.00305599	0.00000000	60.74364471	11.26451397	11.35112381	0.00000000	0.00000000	0.00000000	0.00000000	0.00000000	0.00000000	6.43922901	4.88717031	0.00000000	0.00000000	0.00000000	0.00000000	-0.00615369	4.81796169	0.40630987	122.16335297	120.41252899	
0.00000000	-0.00008451	-0.00166680	0.00000000	60.74364471	11.26451492	11.35112476	0.00000000	0.00000000	0.00000000	0.00000000	0.00000000	0.00000000	6.43922853	4.88717079	0.00000000	0.00000000	0.00000000	0.00000000	-0.00717371	10.77346897	0.45546347	125.01144409	114.83988190	
0.00000000	-0.00006840	-0.00138362	0.00000000	60.74364471	11.26451492	11.35112476	0.00000000	0.00000000	0.00000000	0.00000000	0.00000000	0.00000000	6.43922853	4.88717079	0.00000000	0.00000000	0.00000000	0.00000000	-0.00624592	6.68868065	0.82500052	125.52664948	120.20454407	
0.00000000	-0.00007957	-0.00147773	0.00000000	60.74364471	11.26451302	11.35112286	0.00000000	0.00000000	0.00000000	0.00000000	0.00000000	0.00000000	6.43922901	4.88716984	0.00000000	0.00000000	0.00000000	0.00000000	-0.00531210	1.93691802	0.86045253	126.75050354	125.80175781	
0.00000000	-0.00009472	-0.00219322	0.00000000	60.74364471	11.26451492	11.35112476	0.00000000	0.00000000	0.00000000	0.00000000	0.00000000	0.00000000	6.43922853	4.88717079	0.00000000	0.00000000	0.00000000	0.00000000	-0.00519113	9.98945427	5.02472115	128.73731995	126.69331360	
0.03549967	-0.00001599	-0.00366746	0.00016905	59.64159012	11.17780209	11.17209339	0.57771146	0.23574308	0.00014991	0.00001914	0.02144914	0.01072457	6.37601376	4.79710197	0.02692906	0.00857061	0.00000000	0.00016905	-0.00519600	9.56759834	4.98268127	129.78816223	126.72557068	
4.51716805	0.00656951	0.00219465	0.01150466	91.98955536	14.15420723	13.31591034	12.73521233	2.52874923	0.00678785	0.00471681	0.74143034	0.37071517	6.98890305	2.52874923	0.95543659	3.56173110	0.00229470	0.01379936	-0.00909417	15.53433514	2.41184998	118.93144226	107.78659821	
6.58721638	0.00793927	0.00356286	0.01530192	124.02208710	15.72023678	15.85670185	15.09798717	1.89248919	0.00842029	0.00688164	1.00076282	0.50038141	7.47063589	1.89248919	0.99862218	5.58859491	0.00361999	0.01892191	-0.02436263	1.54919195	0.00000000	77.08507538	80.25912476	
6.56243753	0.00752912	0.00256721	0.01624762	152.21168518	15.57365227	15.65975857	14.89451885	1.82920480	0.00877999	0.00746763	1.36922657	0.68461329	7.60219669	1.82920480	0.99858755	5.56384993	0.00283123	0.01907884	-0.02206058	0.66453445	0.00000000	72.89064789	81.68421173	
6.53601599	0.00736738	0.00212949	0.01466976	117.71999359	15.69375896	15.14173317	14.40752125	1.71171701	0.00822075	0.00644901	1.02266538	0.51133269	7.21200037	1.71171701	0.99854970	5.53746462	0.00157525	0.01624501	-0.01111594	0.27538294	0.00000000	77.89038086	106.94329071	
6.49903440	0.00535694	0.00050931	0.01110358	80.97874451	14.52799416	12.18219185	12.02516842	1.21653092	0.00656882	0.00453476	0.80797410	0.40398705	5.88316917	1.21653092	0.99849403	5.50054026	0.00039307	0.01149665	-0.00580362	9.64942265	3.84910083	119.07376862	122.72203827	
3.88310003	0.00301111	-0.00086631	0.00561717	51.80897141	11.29705143	9.21980953	8.86618519	1.72746575	0.00343135	0.00218581	0.44557366	0.22278683	5.22950554	1.80666625	0.88624847	2.99685192	0.00141879	0.00703596	-0.00574209	5.49136782	2.34880924	124.62411499	122.95528412	
0.00000000	-0.00018071	-0.00324858	0.00000000	11.44428444	4.32557726	2.58894420	0.00000000	0.00000000	0.00000000	0.00000000	0.00000000	0.00000000	2.18857670	1.22760904	0.00000000	0.00000000	0.00000000	0.00000000	-0.00533480	5.36759090	2.79136777	127.46102905	125.69809723	
0.00000000	-0.00011784	-0.00242082	0.00000000	11.44428349	4.32557726	2.58894420	0.00000000	0.00000000	0.00000000	0.00000000	0.00000000	0.00000000	2.18857670	1.22760892	0.00000000	0.00000000	0.00000000	0.00000000	-0.00528940	5.08081293	2.91454196	127.81769562	126.03348541	
