0.00000000	-0.00009997	-0.00199858	0.00000000	11.51546192	4.36585951	2.60635853	0.00000000	0.00000000	0.00000000	0.00000000	0.00000000	0.00000000	2.20833921	1.23403430	0.00000000	0.00000000	0.00000000	0.00000000	-0.00230632	2.64397645	1.38249934	192.91696167	193.01118469	
0.00000000	-0.00008245	-0.00160674	0.00000000	11.51546001	4.36585951	2.60635805	0.00000000	0.00000000	0.00000000	0.00000000	0.00000000	0.00000000	2.20833945	1.23403418	0.00000000	0.00000000	0.00000000	0.00000000	-0.00219065	6.65288162	3.37957835	196.32179260	195.77555847	
0.00000000	-0.00009569	-0.00188324	0.00000000	11.51546192	4.36585951	2.60635853	0.00000000	0.00000000	0.00000000	0.00000000	0.00000000	0.00000000	2.20833921	1.23403430	0.00000000	0.00000000	0.00000000	0.00000000	-0.00216439	10.74480057	4.40146112	199.59587097	196.29356384	
0.29045832	0.00080206	-0.00332067	0.00137378	26.81293869	6.15208960	4.88592243	2.64150548	1.14979708	0.00103026	0.00034352	0.11603096	0.05801548	3.31956029	2.09588981	0.15340728	0.13705105	0.00000000	0.00137378	-0.00196699	2.58087492	2.20949078	194.32785034	201.23046875	
4.94852877	0.00735602	0.00356395	0.01199815	83.34498596	13.48735237	13.12647820	12.46252155	2.52836967	0.00660352	0.00539463	0.60282356	0.30141178	6.77150869	2.52836967	0.98455298	3.96397591	0.00266522	0.01466336	-0.00260691	3.33383703	0.44852585	182.85043335	187.56422424	
6.21142006	0.00844320	0.00319430	0.01616169	132.50923157	15.49307442	15.54402256	14.84435558	1.92490041	0.00896895	0.00719274	1.11148500	0.55574250	7.54181051	1.92490041	0.99799359	5.21342611	0.00238410	0.01854579	-0.00480321	0.00000000	0.00000000	105.12340546	154.73124695	
6.18681335	0.00853395	0.00323868	0.01652922	136.02310181	15.67470837	15.67675591	14.98007298	1.91101074	0.00921945	0.00730976	1.15399468	0.57699734	7.64712858	1.91101074	0.99794358	5.18886995	0.00175636	0.01828557	-0.00796349	0.00000000	0.00000000	84.05155945	129.61152649	
6.16190243	0.00826832	0.00350111	0.01549105	130.87892151	15.51234341	15.93200302	14.92619514	2.10750294	0.00840864	0.00708242	1.01308191	0.50654095	7.64183664	2.10750294	0.99789166	5.16401196	0.00177871	0.01726976	-0.00732562	0.00000000	0.00000000	81.56060791	139.25004578	
6.12163210	0.00683394	0.00223078	0.01290092	103.87676239	14.77200031	14.05430412	13.34675884	1.79639292	0.00716208	0.00573883	0.86098421	0.43049210	6.77711582	1.79639292	0.99780262	5.12382936	0.00067871	0.01357963	-0.00322425	0.00000000	0.00000000	81.30364227	176.38629150	
3.60021353	0.00364958	-0.00008677	0.00634630	55.90274048	11.47200680	9.94018459	9.56409168	2.15827656	0.00375745	0.00258885	0.45245624	0.22622812	5.66366768	2.25007081	0.87664491	2.72356915	0.00138945	0.00773574	-0.00246422	0.00000000	0.00000000	83.48424530	190.41258240	
0.00000000	-0.00015706	-0.00310490	0.00000000	15.62892818	5.76537943	3.47942400	0.00000000	0.00000000	0.00000000	0.00000000	0.00000000	0.00000000	2.91216254	1.42281103	0.00000000	0.00000000	0.00000000	0.00000000	-0.00207753	0.00000000	0.00000000	107.14537811	198.43936157	
0.00000000	-0.00010004	-0.00175184	0.00000000	15.62892914	5.76537943	3.47942400	0.00000000	0.00000000	0.00000000	0.00000000	0.00000000	0.00000000	2.91216254	1.42281091	0.00000000	0.00000000	0.00000000	0.00000000	-0.00204160	3.95955229	1.99115491	175.36962891	199.37664795	
0.00000000	-0.00006903	-0.00139805	0.00000000	15.62892914	5.76537943	3.47942400	0.00000000	0.00000000	0.00000000	0.00000000	0.00000000	0.00000000	2.91216254	1.42281091	0.00000000	0.00000000	0.00000000	0.00000000	-0.00221548	1.63477945	0.97066015	191.55287170	195.25611877	
0.00000000	-0.00008317	-0.00142597	0.00000000	15.62892818	5.76537943	3.47942400	0.00000000	0.00000000	0.00000000	0.00000000	0.00000000	0.00000000	2.91216254	1.42281115	0.00000000	0.00000000	0.00000000	0.00000000	-0.00210918	0.21660447	0.81457025	191.62426758	197.60856628	
0.00000000	-0.00010590	-0.00215818	0.00000000	15.62892914	5.76537943	3.47942400	0.00000000	0.00000000	0.00000000	0.00000000	0.00000000	0.00000000	2.91216254	1.42281091	0.00000000	0.00000000	0.00000000	0.00000000	-0.00196362	0.43367228	1.11483240	192.06430054	201.27403259	
0.07387254	0.00019171	-0.00366109	0.00047367	25.47134209	6.41750097	4.54051208	1.22865939	0.64570117	0.00038590	0.00008777	0.06693697	0.03346848	3.38703895	1.92623115	0.05013109	0.02374145	0.00000000	0.00047367	-0.00194327	0.88540691	1.75425637	192.97460938	201.95619202	
4.93196630	0.00723939	0.00288153	0.01226645	88.61611938	13.82380104	13.11703968	12.62573624	2.30067110	0.00697972	0.00528673	0.68943739	0.34471869	6.79642057	2.30067110	0.97044820	3.96151757	0.00213706	0.01440351	-0.00193473	0.19305496	1.00844693	177.82601929	202.42472839	
6.91918373	0.00754891	0.00251038	0.01465381	109.17607880	15.09232903	14.25565243	13.55935574	1.53915656	0.00814954	0.00650427	0.92167908	0.46083954	6.59994602	1.53915656	0.99901128	5.92017174	0.00225337	0.01690718	-0.00319340	1.43062890	0.00000000	152.75090027	176.66864014	
6.89211798	0.00848010	0.00365095	0.01609187	121.78329468	15.60254478	15.73495579	14.96225452	1.75077331	0.00886576	0.00722611	0.97267890	0.48633945	7.22636747	1.75077331	0.99898428	5.89313364	0.00227092	0.01836279	-0.00424734	0.00000000	0.00000000	112.12991333	161.96763611	
6.86436796	0.00755948	0.00245337	0.01552218	124.71047974	15.66198730	15.12018967	14.54068184	1.53581035	0.00872735	0.00679482	1.10876942	0.55438471	7.10558653	1.53581035	0.99895567	5.86541271	0.00085499	0.01637716	-0.00678681	0.00000000	0.00000000	86.59976196	136.60386658	
6.82552910	0.00621814	0.00215507	0.01208358	90.81732941	14.54612923	13.34015751	12.66156006	1.50380969	0.00667255	0.00541103	0.76425588	0.38212794	6.16300869	1.50380969	0.99891347	5.82661533	0.00089156	0.01297514	-0.00346228	0.00000000	0.00000000	90.20480347	176.53282166	
4.07817745	0.00335720	0.00000362	0.00594135	47.94829178	11.22149372	9.05164051	8.64677715	1.77008009	0.00351633	0.00242502	0.40945622	0.20472811	5.32491875	1.87189388	0.89148962	3.18668795	0.00096241	0.00690377	-0.00214607	3.36882186	1.64479804	153.01402283	196.78178406	
0.00000000	-0.00018531	-0.00351330	0.00000000	29.49426079	9.88345432	5.70968580	0.00000000	0.00000000	0.00000000	0.00000000	0.00000000	0.00000000	4.98095083	1.57811379	0.00000000	0.00000000	0.00000000	0.00000000	-0.00199337	0.40052947	0.81902432	191.43881226	200.50828552	
0.00000000	-0.00010149	-0.00185073	0.00000000	29.49426079	9.88345432	5.70968580	0.00000000	0.00000000	0.00000000	0.00000000	0.00000000	0.00000000	4.98095131	1.57811379	0.00000000	0.00000000	0.00000000	0.00000000	-0.00219785	6.86902905	3.12052464	196.15591431	195.63449097	
0.00000000	-0.00008452	-0.00151713	0.00000000	29.49426079	9.88345432	5.70968580	0.00000000	0.00000000	0.00000000	0.00000000	0.00000000	0.00000000	4.98095131	1.57811379	0.00000000	0.00000000	0.00000000	0.00000000	-0.00228364	6.24659157	2.15247655	195.95306396	193.50740051	
0.00000000	-0.00007514	-0.00146502	0.00000000	29.49426079	9.88345432	5.70968580	0.00000000	0.00000000	0.00000000	0.00000000	0.00000000	0.00000000	4.98095036	1.57811379	0.00000000	0.00000000	0.00000000	0.00000000	-0.00192933	0.52554494	0.57213396	190.96719360	202.19018555	
0.00000000	-0.00012746	-0.00279853	0.00000000	29.49426079	9.88345432	5.70968580	0.00000000	0.00000000	0.00000000	0.00000000	0.00000000	0.00000000	4.98095131	1.57811379	0.00000000	0.00000000	0.00000000	0.00000000	-0.00204831	3.60771084	2.28536224	194.54562378	199.16252136	
0.77684551	0.00178045	-0.00254765	0.00279886	40.06920242	10.42475319	7.60322714	4.01850605	1.54850435	0.00184188	0.00095698	0.15505031	0.07752515	5.45534325	2.49537277	0.31087163	0.46597385	0.00016952	0.00296838	-0.00198188	0.37502193	0.32399210	189.31539917	200.90232849	
5.61201334	0.00740145	0.00314456	0.01307378	100.51110077	14.35208130	13.86190224	13.18918133	2.18198061	0.00723909	0.00583469	0.79223889	0.39611945	6.96027279	2.18198061	0.99430937	4.61770487	0.00260312	0.01567690	-0.00382960	9.79215813	0.03312381	174.62649536	167.63476562	
6.40650654	0.00831107	0.00297700	0.01609896	128.89579773	15.69630241	15.59834480	14.92794609	1.83058405	0.00898914	0.00710982	1.09491992	0.54745996	7.48993444	1.83058405	0.99834919	5.40815735	0.00244784	0.01854680	-0.00585623	0.46407655	0.00000000	114.25524139	145.85441589	
6.38112736	0.00869753	0.00303563	0.01742497	152.54118347	15.56052494	16.05073357	15.21578979	2.01598167	0.00937251	0.00805245	1.28997302	0.64498651	7.78777075	2.01598167	0.99830675	5.38282061	0.00200042	0.01942539	-0.00711470	0.00000000	0.00000000	83.50077057	138.29341125	
6.35543394	0.00733215	0.00302229	0.01485404	124.42494202	15.53031349	14.94281006	14.33168316	1.68532681	0.00840893	0.00644511	1.10701776	0.55350888	7.22764540	1.68532681	0.99826270	5.35717201	0.00121900	0.01607304	-0.02551449	13.75815487	0.00000000	93.32267761	91.35374451	
6.30695820	0.00694346	0.00315839	0.01320368	112.14270020	14.83477974	14.63900280	13.96512318	1.85918570	0.00725790	0.00594578	0.90043437	0.45021719	6.93990517	1.85918570	0.99817294	5.30878353	0.00116467	0.01436835	-0.01050652	0.24694729	0.00000000	87.38484955	118.44522858	
3.65207839	0.00335460	-0.00029514	0.00605621	63.46245193	12.37376118	11.11654377	10.21372509	2.37837577	0.00368514	0.00237107	0.48330078	0.24165039	6.19251966	2.69352365	0.87757343	2.77450538	0.00174935	0.00780556	-0.00659897	15.63601494	0.00000000	150.69097900	139.30973816	
0.00000000	-0.00015889	-0.00306966	0.00000000	61.02429581	11.30585003	11.39423752	0.00000000	0.00000000	0.00000000	0.00000000	0.00000000	0.00000000	6.46396303	4.88478613	0.00000000	0.00000000	0.00000000	0.00000000	-0.00372886	3.37252522	0.00000000	165.54107666	169.14508057	
0.00000000	-0.00008852	-0.00176240	0.00000000	61.02429581	11.30585003	11.39423656	0.00000000	0.00000000	0.00000000	0.00000000	0.00000000	0.00000000	6.46396255	4.88478565	0.00000000	0.00000000	0.00000000	0.00000000	-0.00242041	0.18014412	0.02080800	188.74209595	190.40414429	
0.00000000	-0.00007165	-0.00144458	0.00000000	61.02429581	11.30585003	11.39423656	0.00000000	0.00000000	0.00000000	0.00000000	0.00000000	0.00000000	6.46396255	4.88478565	0.00000000	0.00000000	0.00000000	0.00000000	-0.00192272	0.77558470	0.82500046	191.54995728	202.43524170	
0.00000000	-0.00008336	-0.00151359	0.00000000	61.02429581	11.30585003	11.39423847	0.00000000	0.00000000	0.00000000	0.00000000	0.00000000	0.00000000	6.46396303	4.88478613	0.00000000	0.00000000	0.00000000	0.00000000	-0.00185090	0.81940299	0.51561928	192.49287415	204.33544922	
0.00000000	-0.00009923	-0.00224567	0.00000000	61.02429581	11.30585003	11.39423656	0.00000000	0.00000000	0.00000000	0.00000000	0.00000000	0.00000000	6.46396255	4.88478565	0.00000000	0.00000000	0.00000000	0.00000000	-0.00173392	8.49449825	5.32324028	200.91798401	207.44387817	
0.03724302	-0.00001722	-0.00373448	0.00017652	59.91416550	11.21866417	11.21414661	0.57952487	0.23549022	0.00015570	0.00002082	0.02156370	0.01078185	6.40028858	4.79462385	0.02789624	0.00934678	0.00000000	0.00017652	-0.00173918	4.99503040	4.40885401	200.19609070	207.42652893	
4.73900127	0.00684196	0.00213907	0.01200419	92.32823944	14.20306015	13.34712696	12.77116585	2.43841314	0.00703003	0.00497416	0.74698168	0.37349084	6.92310143	2.43841314	0.95961571	3.77938557	0.00197860	0.01398279	-0.00335564	19.80270004	2.76370835	189.08589172	174.15805054	
6.91070795	0.00838298	0.00344239	0.01612309	124.31929016	15.75609112	15.87388706	15.12645149	1.78153837	0.00883871	0.00728437	1.00691938	0.50345969	7.34764385	1.78153837	0.99900287	5.91170502	0.00291198	0.01903506	-0.00743133	7.77380085	0.00000000	132.38850403	133.28355408	
6.88471127	0.00797295	0.00237044	0.01714155	152.49192810	15.60419464	15.66906738	14.91571045	1.71187937	0.00921959	0.00792196	1.37767649	0.68883824	7.47310209	1.71187937	0.99897677	5.88573551	0.00205058	0.01919214	-0.00606980	0.00000000	0.00000000	83.74870300	142.24440002	
6.85699177	0.00769204	0.00225019	0.01534261	117.98806763	15.72896290	15.15612984	14.43114281	1.60799921	0.00855108	0.00679153	1.02899647	0.51449823	7.08614731	1.60799921	0.99894774	5.85804367	0.00099589	0.01633850	-0.00296697	0.00000000	0.00000000	87.29843903	188.68429565	
6.81819391	0.00541616	0.00064028	0.01138391	81.15260315	14.56352329	12.19707298	12.04363918	1.14056444	0.00670406	0.00467985	0.81299800	0.40649900	5.76246548	1.14056444	0.99890536	5.81928921	0.00017507	0.01155898	-0.00175766	2.77734113	0.84858388	175.18391418	206.78089905	
4.07379484	0.00308910	-0.00083768	0.00580205	52.04236603	11.34628868	9.25105858	8.89780235	1.66767156	0.00351825	0.00228380	0.44908735	0.22454368	5.18494558	1.74724495	0.89137810	3.18241739	0.00133340	0.00713545	-0.00195860	4.77760410	3.30518293	194.05508423	201.47525024	
0.00000000	-0.00018956	-0.00328762	0.00000000	11.51540184	4.35244560	2.60489631	0.00000000	0.00000000	0.00000000	0.00000000	0.00000000	0.00000000	2.20208764	1.23338699	0.00000000	0.00000000	0.00000000	0.00000000	-0.00186786	3.17464089	2.75113010	196.31420898	203.87655640	
0.00000000	-0.00012362	-0.00245920	0.00000000	11.51540279	4.35244560	2.60489631	0.00000000	0.00000000	0.00000000	0.00000000	0.00000000	0.00000000	2.20208764	1.23338699	0.00000000	0.00000000	0.00000000	0.00000000	-0.00179757	1.41679811	3.05368614	195.81716919	205.79866028	
