0.00000000	-0.00005829	-0.00117732	0.00000000	10.81271267	4.11307716	2.44944835	0.00000000	0.00000000	0.00000000	0.00000000	0.00000000	0.00000000	2.07907534	1.17447913	0.00000000	0.00000000	0.00000000	0.00000000	-0.00337755	4.68019629	1.56283629	40.15146255	37.06289291	
0.00000000	-0.00004844	-0.00099317	0.00000000	10.81271267	4.11307716	2.44944835	0.00000000	0.00000000	0.00000000	0.00000000	0.00000000	0.00000000	2.07907510	1.17447889	0.00000000	0.00000000	0.00000000	0.00000000	-0.00317058	8.09141827	3.15577841	42.41162872	37.85290527	
0.00000000	-0.00005642	-0.00123186	0.00000000	10.81271267	4.11307716	2.44944835	0.00000000	0.00000000	0.00000000	0.00000000	0.00000000	0.00000000	2.07907534	1.17447913	0.00000000	0.00000000	0.00000000	0.00000000	-0.00319594	10.44613075	4.39889526	43.59164047	37.66721725	
0.27817503	0.00075883	-0.00147652	0.00122813	30.52108765	6.56512547	5.50596046	3.51544738	1.52918434	0.00098562	0.00024251	0.14555356	0.07277678	3.59230304	2.35131955	0.16855897	0.10961605	0.00024457	0.00147270	-0.00297981	5.68824863	2.29762292	41.22185135	38.47864151	
3.15215063	0.00412354	0.00201524	0.00688907	79.44628906	13.44403648	13.01544952	12.35543919	3.46401024	0.00418998	0.00269909	0.55694854	0.27847427	7.33555317	3.46401024	0.94659436	2.20555639	0.00577617	0.01266524	-0.00390103	2.69482183	0.66843057	34.32502365	35.73844910	
3.77297139	0.00480023	0.00190307	0.00936137	128.71128845	15.76367569	15.93776608	15.11423683	3.24352360	0.00565576	0.00370561	1.02471960	0.51235980	8.81760883	3.24352360	0.97701615	2.79595518	0.00752158	0.01688295	-0.00674473	0.38892987	0.00000000	23.98846245	30.14468575	
3.75802493	0.00468749	0.00190050	0.00936237	132.32313538	15.96785259	16.11708450	15.27550793	3.23917866	0.00568573	0.00367665	1.06369007	0.53184503	8.96371555	3.23917866	0.97666991	2.78135467	0.00730705	0.01666943	-0.01762618	2.98109508	0.00000000	24.65535355	22.35495186	
3.74289346	0.00439797	0.00182578	0.00856771	126.53240967	15.74971581	16.30773163	15.15013790	3.47326565	0.00509117	0.00347654	0.93361789	0.46680894	8.83772087	3.47326565	0.97631425	2.76657915	0.00705713	0.01562483	-0.01803177	1.09120095	0.00000000	20.86412048	24.39669418	
3.71843219	0.00392012	0.00113416	0.00751928	100.25147247	14.94868469	14.23807240	13.47596550	2.94722223	0.00458446	0.00293482	0.79321009	0.39660504	7.94290018	2.94722223	0.97571850	2.74271369	0.00473726	0.01225654	-0.00470494	0.00000000	0.00000000	21.51975060	33.90694046	
2.18686008	0.00208858	-0.00017024	0.00368932	52.82069016	11.23725414	9.64596939	9.29236794	2.74766803	0.00245183	0.00123749	0.41278532	0.20639266	5.96456957	2.83914614	0.79460859	1.39225137	0.00256089	0.00625021	-0.00407238	0.00000000	0.00000000	23.75413322	35.31495285	
0.00000000	-0.00009438	-0.00195763	0.00000000	14.97031498	5.55388927	3.33980036	0.00000000	0.00000000	0.00000000	0.00000000	0.00000000	0.00000000	2.81238317	1.41790807	0.00000000	0.00000000	0.00000000	0.00000000	-0.00339345	3.33085561	1.00401700	38.21838379	37.03885651	
0.00000000	-0.00006060	-0.00117383	0.00000000	14.97031403	5.55388975	3.33980012	0.00000000	0.00000000	0.00000000	0.00000000	0.00000000	0.00000000	2.81238341	1.41790807	0.00000000	0.00000000	0.00000000	0.00000000	-0.00336381	11.10938931	4.18892097	43.80270767	37.16826630	
0.00000000	-0.00004174	-0.00090685	0.00000000	14.97031403	5.55388975	3.33980012	0.00000000	0.00000000	0.00000000	0.00000000	0.00000000	0.00000000	2.81238341	1.41790807	0.00000000	0.00000000	0.00000000	0.00000000	-0.00382694	4.41111088	0.78385156	39.19068527	35.81288910	
0.00000000	-0.00005044	-0.00098423	0.00000000	14.97031498	5.55388927	3.33980036	0.00000000	0.00000000	0.00000000	0.00000000	0.00000000	0.00000000	2.81238317	1.41790807	0.00000000	0.00000000	0.00000000	0.00000000	-0.00340211	3.47088575	0.81340367	39.71123505	36.97150040	
0.00000000	-0.00006465	-0.00157351	0.00000000	14.97031403	5.55388975	3.33980012	0.00000000	0.00000000	0.00000000	0.00000000	0.00000000	0.00000000	2.81238341	1.41790807	0.00000000	0.00000000	0.00000000	0.00000000	-0.00308288	3.31121373	1.13042283	40.07094193	38.08290482	
0.34032196	0.00086221	-0.00126473	0.00142029	39.15273666	7.44179296	6.06745195	3.51223850	1.58679545	0.00106141	0.00035888	0.19020872	0.09510436	4.10451365	2.53206730	0.19721755	0.14310437	0.00049640	0.00191670	-0.00300968	4.01740026	1.71442926	38.59482574	38.41396332	
3.29601407	0.00428125	0.00180271	0.00742347	85.75327301	14.01760674	13.21306801	12.69961739	3.12230563	0.00459069	0.00283278	0.64676827	0.32338414	7.54741096	3.12230563	0.95413637	2.34187770	0.00562474	0.01304820	-0.00331005	2.32963085	0.82374638	32.63029861	37.47212601	
3.90477753	0.00446848	0.00164150	0.00853602	105.33909607	15.26643181	14.49720478	13.70762539	2.84606719	0.00518731	0.00334871	0.84316337	0.42158169	8.06371117	2.84606719	0.97985435	2.92492342	0.00677034	0.01530636	-0.00509112	5.20352030	1.08356726	33.94902420	32.87721634	
3.88930869	0.00470162	0.00194225	0.00896475	117.38587189	15.77695465	16.01947975	15.13703728	3.20926046	0.00538474	0.00358001	0.88960707	0.44480354	8.68355083	3.20926046	0.97954029	2.90976882	0.00764797	0.01661272	-0.00679371	2.59721518	0.07312306	29.11227226	30.09380150	
3.87364817	0.00435667	0.00144615	0.00885754	121.04789734	15.89663792	15.47672462	14.78137970	2.92443848	0.00543549	0.00342205	1.01383948	0.50691974	8.66754818	2.92443848	0.97921741	2.89443183	0.00605517	0.01491271	-0.01065242	2.42751765	0.27176431	25.90356255	26.63392067	
3.84410191	0.00373486	0.00111940	0.00710895	87.06147766	14.63649273	13.41026592	12.71654892	2.70538855	0.00433246	0.00277649	0.69839454	0.34919727	7.50470114	2.70538855	0.97857940	2.86552286	0.00452876	0.01163771	-0.00358661	2.10157895	0.82241058	29.06011009	36.55009842	
2.22594881	0.00191819	-0.00016173	0.00336739	44.82707596	10.84095573	8.65265656	8.26896381	2.39844537	0.00225527	0.00111212	0.36756188	0.18378094	5.65326834	2.50918078	0.79742998	1.42851865	0.00195848	0.00532587	-0.00375531	11.22589397	4.25848055	42.76667404	35.91951752	
0.00000000	-0.00010676	-0.00222506	0.00000000	28.95832634	9.84286785	5.66426229	0.00000000	0.00000000	0.00000000	0.00000000	0.00000000	0.00000000	5.07986498	1.71640038	0.00000000	0.00000000	0.00000000	0.00000000	-0.00328811	2.87057233	0.77519310	39.35628891	37.37551498	
0.00000000	-0.00005942	-0.00129915	0.00000000	28.95832634	9.84286785	5.66426229	0.00000000	0.00000000	0.00000000	0.00000000	0.00000000	0.00000000	5.07986498	1.71640038	0.00000000	0.00000000	0.00000000	0.00000000	-0.00366601	9.54595375	3.14455819	42.50171661	36.21183014	
0.00000000	-0.00004905	-0.00103391	0.00000000	28.95832634	9.84286785	5.66426229	0.00000000	0.00000000	0.00000000	0.00000000	0.00000000	0.00000000	5.07986498	1.71640038	0.00000000	0.00000000	0.00000000	0.00000000	-0.00356377	6.53150749	2.19930696	40.80580521	36.52165604	
0.00000000	-0.00004344	-0.00097856	0.00000000	28.95832825	9.84286785	5.66426229	0.00000000	0.00000000	0.00000000	0.00000000	0.00000000	0.00000000	5.07986498	1.71640038	0.00000000	0.00000000	0.00000000	0.00000000	-0.00312025	1.72114241	0.50145078	38.72914886	37.95959854	
0.00000000	-0.00007323	-0.00174023	0.00000000	28.95832634	9.84286785	5.66426229	0.00000000	0.00000000	0.00000000	0.00000000	0.00000000	0.00000000	5.07986498	1.71640038	0.00000000	0.00000000	0.00000000	0.00000000	-0.00350939	6.84823656	2.32885408	41.18755341	36.63678360	
0.94012374	0.00174938	-0.00056696	0.00272625	46.29603195	10.78653812	8.68328857	6.18141270	2.47976375	0.00193023	0.00079602	0.23524643	0.11762322	5.83531332	3.16632414	0.43172735	0.50839639	0.00116500	0.00389125	-0.00321022	0.71950656	0.04885768	35.55406952	37.67940521	
3.60301733	0.00431921	0.00206085	0.00779974	97.17837524	14.49340153	14.00723457	13.28350258	3.17606902	0.00470357	0.00309617	0.73596740	0.36798370	7.86904430	3.17606902	0.97123408	2.63178301	0.00631051	0.01411025	-0.00663496	1.90379393	0.22925770	28.90645218	30.78306770	
3.83320212	0.00473239	0.00198047	0.00929129	125.16870880	15.96467018	15.97733116	15.19615364	3.16287184	0.00564293	0.00364836	1.00821233	0.50410616	8.85089970	3.16287184	0.97835946	2.85484219	0.00762609	0.01691739	-0.01269610	1.93106866	0.45522410	24.94553566	26.17009926	
3.81801701	0.00471162	0.00181552	0.00975254	148.41386414	15.90494347	16.58593750	15.57429695	3.49558330	0.00574130	0.00401124	1.18757355	0.59378678	9.16476154	3.49558330	0.97802842	2.83998823	0.00790989	0.01766243	-0.02092932	5.60754776	0.04894108	25.52116203	23.13662338	
3.80264401	0.00420988	0.00154149	0.00863208	121.08342743	15.81708336	15.32792759	14.60340309	2.94696879	0.00531673	0.00331535	1.01892972	0.50946486	8.64754677	2.94696879	0.97768807	2.82495642	0.00605449	0.01468657	-0.02205712	7.55536890	0.85758913	26.86880302	22.05315018	
3.76864386	0.00401465	0.00135498	0.00770431	108.23265839	15.01666927	14.85555363	14.11823177	3.11578751	0.00463061	0.00307370	0.82829207	0.41414604	8.15863323	3.11578751	0.97689193	2.79175115	0.00526491	0.01296922	-0.00498038	1.41892862	0.19152084	29.25127220	33.08316422	
2.14933443	0.00198070	-0.00036885	0.00357131	59.85127640	12.14760971	10.80103493	9.94955158	3.04240227	0.00244633	0.00112498	0.43899456	0.21949728	6.49629021	3.35891485	0.78921574	1.36011863	0.00257210	0.00614341	-0.00466401	5.25726032	2.22457623	28.56100655	33.87799454	
0.00000000	-0.00009358	-0.00189731	0.00000000	58.34912872	11.19856834	11.10461712	0.00000000	0.00000000	0.00000000	0.00000000	0.00000000	0.00000000	6.33732510	4.90594435	0.00000000	0.00000000	0.00000000	0.00000000	-0.00496425	6.90262318	0.67008847	38.86323166	32.87041855	
0.00000000	-0.00005233	-0.00106354	0.00000000	58.34912872	11.19856930	11.10461712	0.00000000	0.00000000	0.00000000	0.00000000	0.00000000	0.00000000	6.33732510	4.90594435	0.00000000	0.00000000	0.00000000	0.00000000	-0.00586907	8.29247952	0.46962711	38.81613922	31.15388680	
0.00000000	-0.00004255	-0.00094440	0.00000000	58.34912872	11.19856930	11.10461712	0.00000000	0.00000000	0.00000000	0.00000000	0.00000000	0.00000000	6.33732510	4.90594435	0.00000000	0.00000000	0.00000000	0.00000000	-0.00411605	5.14171934	0.82500106	39.28951645	34.97493744	
0.00000000	-0.00004976	-0.00108176	0.00000000	58.34912872	11.19856834	11.10461712	0.00000000	0.00000000	0.00000000	0.00000000	0.00000000	0.00000000	6.33732510	4.90594435	0.00000000	0.00000000	0.00000000	0.00000000	-0.00369746	3.78985929	0.77116680	40.42014313	36.13512421	
0.00000000	-0.00005853	-0.00142726	0.00000000	58.34912872	11.19856930	11.10461712	0.00000000	0.00000000	0.00000000	0.00000000	0.00000000	0.00000000	6.33732510	4.90594435	0.00000000	0.00000000	0.00000000	0.00000000	-0.00342873	12.62500000	5.09762621	43.23995972	36.88427353	
0.35308447	0.00079982	-0.00128648	0.00131173	59.37615967	11.35853291	10.83568382	3.33038068	1.18574333	0.00103372	0.00027800	0.16093764	0.08046882	6.41360283	4.45637321	0.20109288	0.15199161	0.00040444	0.00171616	-0.00346584	12.37584114	4.72272730	44.40252304	36.84326935	
3.41961908	0.00404222	0.00165184	0.00739168	90.53138733	14.57315636	13.60434055	13.01763439	3.09044671	0.00459494	0.00279674	0.70972371	0.35486186	7.74427128	3.09044671	0.95878005	2.46083951	0.00594815	0.01333983	-0.00877856	13.49627304	2.92540598	37.08570099	28.00864220	
4.05121183	0.00455160	0.00223510	0.00896394	120.26277161	15.98436260	16.18402100	15.34515190	3.16336536	0.00532623	0.00363771	0.92752385	0.46376193	8.77391148	3.16336536	0.98259854	3.06861377	0.00846190	0.01742584	-0.03057521	6.10070562	0.02179334	24.21166611	19.46095657	
4.03516293	0.00468430	0.00148357	0.01003615	148.62983704	15.98275185	16.22121239	15.30209351	3.18545318	0.00589259	0.00414356	1.26871538	0.63435769	9.03126144	3.18545318	0.98231703	3.05284667	0.00759780	0.01763395	-0.00818898	1.37659514	0.03188561	23.78046608	28.27431488	
4.01891613	0.00449296	0.00111715	0.00896315	114.32085419	15.97889328	15.46520710	14.64550972	2.90323329	0.00543072	0.00353242	0.94741064	0.47370532	8.56864262	2.90323329	0.98202735	3.03688860	0.00602377	0.01498692	-0.00450954	0.31509945	0.07855154	28.20661736	34.76878738	
3.98826146	0.00349230	0.00051729	0.00708221	78.77057648	14.72591305	12.27423191	12.11074829	2.08822417	0.00451436	0.00256784	0.74806345	0.37403172	7.20481920	2.08822417	0.98145419	3.00680709	0.00351561	0.01059782	-0.00366927	12.95335293	5.25123882	41.98816299	36.20304489	
2.30942464	0.00188194	-0.00044171	0.00346425	49.01166916	11.07283211	8.97609997	8.65122128	2.34322810	0.00235038	0.00111387	0.40531117	0.20265558	5.67528200	2.41895294	0.80493778	1.50448692	0.00230036	0.00576461	-0.00385987	7.70854378	2.59442878	39.97612381	35.60469055	
0.00000000	-0.00011111	-0.00200303	0.00000000	10.81108665	4.10039711	2.44776487	0.00000000	0.00000000	0.00000000	0.00000000	0.00000000	0.00000000	2.07313561	1.17373896	0.00000000	0.00000000	0.00000000	0.00000000	-0.00382537	8.70419884	2.74983191	41.72028351	35.72078323	
0.00000000	-0.00007409	-0.00175081	0.00000000	10.81108761	4.10039711	2.44776464	0.00000000	0.00000000	0.00000000	0.00000000	0.00000000	0.00000000	2.07313561	1.17373908	0.00000000	0.00000000	0.00000000	0.00000000	-0.00334207	8.24326038	2.98883009	42.28376770	37.15469742	
