0.00000000	-0.00009587	-0.00180101	0.00000000	60.94260406	11.76603127	11.58918095	0.00000000	0.00000000	0.00000000	0.00000000	0.00000000	0.00000000	6.66531229	4.92691612	0.00000000	0.00000000	0.00000000	0.00000000	-0.01153333	11.72635651	3.21755505	206.73887634	198.04875183	
0.00000000	-0.00007932	-0.00154585	0.00000000	60.94260025	11.76603222	11.58918190	0.00000000	0.00000000	0.00000000	0.00000000	0.00000000	0.00000000	6.66531229	4.92691708	0.00000000	0.00000000	0.00000000	0.00000000	-0.01028437	9.75324440	3.37958121	206.42179871	205.59378052	
0.00000000	-0.00009427	-0.00234439	0.00000000	60.94260406	11.76603127	11.58918095	0.00000000	0.00000000	0.00000000	0.00000000	0.00000000	0.00000000	6.66531229	4.92691612	0.00000000	0.00000000	0.00000000	0.00000000	-0.01081366	12.88445568	4.40146255	208.81565857	201.18350220	
0.86698264	0.00220250	-0.00245702	0.00347246	71.49681854	12.45126629	12.39648151	5.05490589	1.74531388	0.00230341	0.00116906	0.23537976	0.11768988	7.06481600	4.70146370	0.32137010	0.54561257	0.00029839	0.00377086	-0.00927777	2.63247466	1.76890767	203.22685242	209.82832336	
6.26317501	0.00731579	0.00326115	0.01256046	85.25390625	14.31332970	13.68648720	13.06971359	2.02043271	0.00673235	0.00582811	0.62644577	0.31322289	6.79038143	2.02043271	0.99668533	5.26648903	0.00334757	0.01590803	-0.01470679	7.24705362	0.06445204	188.40148926	188.85618591	
7.14985132	0.00817612	0.00208470	0.01672188	133.33125305	16.38059998	16.19851303	15.55600166	1.60919118	0.00932296	0.00739892	1.13188279	0.56594139	7.63012791	1.60919118	0.99921501	6.15063620	0.00259305	0.01931493	-0.02877075	0.00000000	0.00000000	113.28762054	154.15042114	
7.12152672	0.00805907	0.00266877	0.01682558	136.82110596	16.57993889	16.34266663	15.70035362	1.59370255	0.00944175	0.00738383	1.17524374	0.58762187	7.73699808	1.59370255	0.99919242	6.12233496	0.00221966	0.01904524	-0.06671807	0.00000000	0.00000000	104.09728241	122.35353851	
7.09285355	0.00747409	0.00329530	0.01518962	131.82406616	16.38869286	16.61576843	15.69193840	1.77816617	0.00830572	0.00688391	1.03179622	0.51589811	7.73947573	1.77816617	0.99916887	6.09368467	0.00283487	0.01802449	-0.09520528	0.17865896	0.00000000	102.15748596	113.99175262	
7.03875065	0.00628594	0.00179528	0.01281382	104.66835785	15.59424305	14.57413578	13.93559647	1.51746476	0.00715528	0.00565854	0.87686390	0.43843195	6.84462547	1.51746476	0.99912065	6.03962946	0.00131350	0.01412732	-0.03890333	0.00000000	0.00000000	101.71018219	141.56051636	
4.07582808	0.00351687	0.00035102	0.00635300	56.59074783	12.00215054	10.20575333	9.86287594	2.00404525	0.00372249	0.00263051	0.46172062	0.23086031	5.80065441	2.09585810	0.88988602	3.18594217	0.00180509	0.00815808	-0.02936033	0.00000000	0.00000000	103.31703949	153.82009888	
0.00000000	-0.00016664	-0.00283892	0.00000000	15.82021427	5.89857054	3.52472091	0.00000000	0.00000000	0.00000000	0.00000000	0.00000000	0.00000000	2.97627211	1.42309964	0.00000000	0.00000000	0.00000000	0.00000000	-0.01453547	0.00000000	0.00000000	126.96701050	187.45584106	
0.00000000	-0.00010631	-0.00163227	0.00000000	15.82021427	5.89857101	3.52472091	0.00000000	0.00000000	0.00000000	0.00000000	0.00000000	0.00000000	2.97627211	1.42309964	0.00000000	0.00000000	0.00000000	0.00000000	-0.01112048	11.10609722	2.30470228	191.48440552	200.86975098	
0.00000000	-0.00007365	-0.00128697	0.00000000	15.82021427	5.89857101	3.52472091	0.00000000	0.00000000	0.00000000	0.00000000	0.00000000	0.00000000	2.97627211	1.42309964	0.00000000	0.00000000	0.00000000	0.00000000	-0.01456204	16.48944283	0.97071391	201.65293884	187.00975037	
0.00000000	-0.00008971	-0.00148621	0.00000000	15.82021332	5.89857054	3.52472115	0.00000000	0.00000000	0.00000000	0.00000000	0.00000000	0.00000000	2.97627211	1.42309964	0.00000000	0.00000000	0.00000000	0.00000000	-0.01113252	3.63562226	0.81457025	201.72428894	199.85110474	
0.00000000	-0.00011736	-0.00295072	0.00000000	15.82021427	5.89857101	3.52472091	0.00000000	0.00000000	0.00000000	0.00000000	0.00000000	0.00000000	2.97627211	1.42309964	0.00000000	0.00000000	0.00000000	0.00000000	-0.01063365	3.41207314	1.11483240	202.16426086	202.29747009	
0.94971198	0.00233971	-0.00235185	0.00376925	49.12780762	8.67433357	7.45216656	5.06049156	1.83955789	0.00235614	0.00141310	0.27264032	0.13632016	4.76182413	2.64598131	0.34899774	0.60071427	0.00034597	0.00411522	-0.01122094	5.56787729	1.60051811	199.43124390	199.93037415	
6.03445911	0.00749298	0.00195259	0.01322089	90.13813019	14.74335480	13.66268349	13.19585609	1.85231340	0.00739119	0.00582970	0.71649444	0.35824722	6.86303043	1.85231340	0.99633259	5.03812599	0.00238052	0.01560141	-0.01181965	0.44413206	0.00000000	176.84451294	197.36544800	
6.77873564	0.00745433	0.00166475	0.01458161	109.06713104	15.81610012	14.74326706	14.06353569	1.58844554	0.00823339	0.00634823	0.91929168	0.45964584	7.06315279	1.58844554	0.99886233	5.77987432	0.00264496	0.01722657	-0.02589212	3.28613353	0.00000000	150.84667969	159.71850586	
6.75188255	0.00822167	0.00297325	0.01577738	121.65791321	16.34426498	16.30299950	15.56230450	1.80613685	0.00883833	0.00693905	0.97014683	0.48507342	7.71771479	1.80613685	0.99883133	5.75305033	0.00295895	0.01873633	-0.03569829	0.00000000	0.00000000	114.65145111	145.85038757	
6.72469711	0.00733839	0.00202577	0.01523453	124.60682678	16.43731499	15.67936993	15.13046741	1.58783400	0.00871948	0.00651505	1.10587406	0.55293703	7.60985613	1.58783400	0.99879909	5.72589779	0.00148428	0.01671881	-0.05522516	0.00000000	0.00000000	104.70535278	128.12701416	
6.67340136	0.00591120	0.00158414	0.01163087	90.70400238	15.20998955	13.72429085	13.09200191	1.55161834	0.00654190	0.00508897	0.76208985	0.38104492	6.58999681	1.55161834	0.99873322	5.67466879	0.00156518	0.01319605	-0.02792353	0.00000000	0.00000000	110.24626160	164.66496277	
3.86427116	0.00331747	-0.00019763	0.00581343	47.67196274	11.52061558	9.11712837	8.73998547	1.83807290	0.00348679	0.00232663	0.40552309	0.20276155	5.57184029	1.94151437	0.88411754	2.98015332	0.00102206	0.00683548	-0.01271734	6.42673445	1.95332158	170.02375793	192.84915161	
0.00000000	-0.00018554	-0.00364493	0.00000000	29.41925049	10.19436932	5.73395300	0.00000000	0.00000000	0.00000000	0.00000000	0.00000000	0.00000000	5.17383766	1.60334432	0.00000000	0.00000000	0.00000000	0.00000000	-0.01113903	4.58928442	0.81474227	201.53367615	199.96356201	
0.00000000	-0.00010156	-0.00187432	0.00000000	29.41925049	10.19436932	5.73395252	0.00000000	0.00000000	0.00000000	0.00000000	0.00000000	0.00000000	5.17383814	1.60334432	0.00000000	0.00000000	0.00000000	0.00000000	-0.01214530	14.29130650	3.12052464	206.25590515	196.48551941	
0.00000000	-0.00008471	-0.00156244	0.00000000	29.41925049	10.19436932	5.73395252	0.00000000	0.00000000	0.00000000	0.00000000	0.00000000	0.00000000	5.17383814	1.60334432	0.00000000	0.00000000	0.00000000	0.00000000	-0.01311241	15.11906052	2.19558144	204.38719177	191.57214355	
0.00000000	-0.00007545	-0.00159006	0.00000000	29.41925049	10.19436932	5.73395300	0.00000000	0.00000000	0.00000000	0.00000000	0.00000000	0.00000000	5.17383718	1.60334432	0.00000000	0.00000000	0.00000000	0.00000000	-0.01064906	4.46097565	0.52441084	201.01943970	203.72630310	
0.00000000	-0.00013009	-0.00344229	0.00000000	29.41925049	10.19436932	5.73395252	0.00000000	0.00000000	0.00000000	0.00000000	0.00000000	0.00000000	5.17383814	1.60334432	0.00000000	0.00000000	0.00000000	0.00000000	-0.01241151	13.03135967	2.28536224	204.64561462	194.26417542	
2.26569319	0.00414394	-0.00059942	0.00642945	55.74251175	11.79602337	10.10350990	8.24329090	2.62065268	0.00379923	0.00263022	0.33295786	0.16647893	6.26208687	3.04821157	0.63875234	1.62694049	0.00102287	0.00745232	-0.01185281	1.32199180	0.06373329	188.66072083	196.81304932	
6.40139103	0.00755254	0.00291764	0.01380954	101.55491638	15.13695049	14.38866711	13.75851917	1.86467624	0.00760148	0.00620806	0.80899996	0.40449998	7.10447407	1.86467624	0.99820882	5.40318251	0.00268528	0.01649482	-0.02804178	3.58811069	0.00000000	155.09579468	156.50166321	
6.62909126	0.00832336	0.00282586	0.01645349	129.09323120	16.51191139	16.20740509	15.57974148	1.76109016	0.00930470	0.00714879	1.09985209	0.54992604	7.85604715	1.76109016	0.99867857	5.63041258	0.00261550	0.01906899	-0.05667282	0.00000000	0.00000000	108.88045502	130.26194763	
6.60283089	0.00829773	0.00323887	0.01725248	152.75946045	16.41045952	16.78107834	15.96799469	1.94071245	0.00942650	0.00782598	1.29580200	0.64790100	8.17949295	1.94071245	0.99864346	5.60418701	0.00276961	0.02002208	-0.10345671	0.97365820	0.00000000	102.64794922	108.68035126	
6.57624531	0.00711450	0.00262574	0.01485514	124.60143280	16.35169029	15.51793098	14.93876076	1.61970103	0.00851838	0.00633677	1.11203599	0.55601799	7.59063673	1.61970103	0.99860692	5.57763815	0.00166269	0.01651783	-0.11673924	11.42807865	0.00000000	114.09387970	104.26809692	
6.50732660	0.00662446	0.00303370	0.01295054	112.33838654	15.57928753	15.16961670	14.53891563	1.79843056	0.00721327	0.00573727	0.90421301	0.45210651	7.27953672	1.79843056	0.99850023	5.50882673	0.00180417	0.01475471	-0.08284451	0.33952844	0.00000000	107.87602234	114.05662537	
3.65652752	0.00331207	-0.00093316	0.00602914	63.43382645	12.82025146	11.30829239	10.44663239	2.38983870	0.00370004	0.00232910	0.48306656	0.24153328	6.42952442	2.70652294	0.87625378	2.78027320	0.00187693	0.00790607	-0.02765343	18.98705292	0.00000000	168.75842285	173.27000427	
0.00000000	-0.00015791	-0.00336205	0.00000000	60.92068863	11.60574245	11.51888752	0.00000000	0.00000000	0.00000000	0.00000000	0.00000000	0.00000000	6.58304930	4.90860939	0.00000000	0.00000000	0.00000000	0.00000000	-0.00744167	0.04162364	0.00000000	182.60894775	224.04776001	
0.00000000	-0.00008661	-0.00142140	0.00000000	60.92068481	11.60574245	11.51888752	0.00000000	0.00000000	0.00000000	0.00000000	0.00000000	0.00000000	6.58304977	4.90860987	0.00000000	0.00000000	0.00000000	0.00000000	-0.01467633	15.20688152	0.24557649	200.49102783	185.46627808	
