0.00000000	-0.00005691	-0.00128189	0.00000000	58.47851181	11.36894608	11.18789959	0.00000000	0.00000000	0.00000000	0.00000000	0.00000000	0.00000000	6.42605972	4.92549181	0.00000000	0.00000000	0.00000000	0.00000000	-0.04596846	9.52657890	3.28975987	50.72940445	44.72595978	
0.00000000	-0.00004732	-0.00121518	0.00000000	58.47851181	11.36894417	11.18789959	0.00000000	0.00000000	0.00000000	0.00000000	0.00000000	0.00000000	6.42606020	4.92549181	0.00000000	0.00000000	0.00000000	0.00000000	-0.02184283	5.58099508	3.29985619	50.72498322	50.49879074	
0.00000000	-0.00005529	-0.00148759	0.00000000	58.47851181	11.36894608	11.18789959	0.00000000	0.00000000	0.00000000	0.00000000	0.00000000	0.00000000	6.42605972	4.92549181	0.00000000	0.00000000	0.00000000	0.00000000	-0.02500823	9.23954296	4.40111828	51.88236618	48.66491699	
0.39753410	0.00147980	-0.00172259	0.00214213	68.69445801	11.87633419	11.99076557	5.14331245	2.27663422	0.00170065	0.00044148	0.22415823	0.11207911	6.81501198	5.06774616	0.24133509	0.15619901	0.00002447	0.00216660	-0.01909313	3.22111487	2.09251261	49.19042969	51.04815292	
2.52592707	0.00576960	0.00289248	0.00856722	77.30244446	13.13819695	12.77248955	12.09573746	3.85898876	0.00548191	0.00308532	0.53317696	0.26658848	7.32151079	3.85898876	0.91426116	1.61166525	0.00271783	0.01128505	-0.02176941	1.22961199	0.89560348	41.28504562	49.99095535	
2.83746934	0.00650095	0.00340788	0.01068690	125.96939850	15.40605354	15.77192402	14.83781147	3.97556853	0.00684616	0.00384074	0.96868104	0.48434052	8.97191048	3.97556853	0.94142604	1.89604354	0.00431133	0.01499822	-0.13080913	0.00000000	0.00000000	18.37444115	39.03608704	
2.82622838	0.00289396	0.00148314	0.00631078	129.63926697	8.21646404	8.47439671	7.91438246	2.36867666	0.00382433	0.00248646	1.00544751	0.50272375	4.76792812	2.36868095	0.94076383	1.88546455	0.00240642	0.00871721	-2.71361613	0.44065151	0.00000000	20.64820099	25.89727592	
2.81484890	-0.00045081	-0.00074538	0.00187221	123.41798401	1.71782041	1.47034431	1.41556299	0.39332426	0.00106853	0.00080368	0.88243699	0.44121850	0.91995150	0.39336988	0.94008595	1.87476325	0.00026888	0.00214108	-52.01660919	4.28344011	0.00000000	22.63111877	18.62735748	
2.79337859	0.00284682	0.00113304	0.00554780	97.67890930	9.23421097	8.60342789	8.27092266	2.19374251	0.00355111	0.00199669	0.74950397	0.37475199	5.03841591	2.19376731	0.93876326	1.85461473	0.00133981	0.00688762	-8.53689098	1.22604930	0.00000000	20.95863152	29.24104881	
1.61752117	0.00287867	0.00047425	0.00430935	50.88454819	10.85364819	9.35704899	8.99420071	3.00622082	0.00303581	0.00127354	0.38940370	0.19470185	5.87705040	3.09726667	0.72187173	0.89564967	0.00087797	0.00518731	-0.07830413	0.00000000	0.00000000	18.86424446	40.26305771	
0.00000000	-0.00007757	-0.00213688	0.00000000	14.68076420	5.43748426	3.27664733	0.00000000	0.00000000	0.00000000	0.00000000	0.00000000	0.00000000	2.75582194	1.41121280	0.00000000	0.00000000	0.00000000	0.00000000	-0.04171309	1.87889147	0.55062211	40.28354263	44.46955872	
0.00000000	-0.00004969	-0.00134254	0.00000000	14.68076324	5.43748426	3.27664757	0.00000000	0.00000000	0.00000000	0.00000000	0.00000000	0.00000000	2.75582194	1.41121280	0.00000000	0.00000000	0.00000000	0.00000000	-0.03168889	10.38595104	4.12359858	52.61366272	46.63233185	
0.00000000	-0.00003419	-0.00101590	0.00000000	14.68076324	5.43748426	3.27664757	0.00000000	0.00000000	0.00000000	0.00000000	0.00000000	0.00000000	2.75582194	1.41121280	0.00000000	0.00000000	0.00000000	0.00000000	-0.03954576	3.03235769	0.91245538	46.52043915	44.82096481	
0.00000000	-0.00004121	-0.00113629	0.00000000	14.68076420	5.43748426	3.27664733	0.00000000	0.00000000	0.00000000	0.00000000	0.00000000	0.00000000	2.75582194	1.41121280	0.00000000	0.00000000	0.00000000	0.00000000	-0.02847432	1.51607966	0.81392819	46.87865448	47.39666367	
0.00000000	-0.00005283	-0.00185397	0.00000000	14.68076324	5.43748426	3.27664757	0.00000000	0.00000000	0.00000000	0.00000000	0.00000000	0.00000000	2.75582194	1.41121280	0.00000000	0.00000000	0.00000000	0.00000000	-0.02737837	1.78364813	1.06666791	47.61455917	47.73269272	
0.58012873	0.00189132	-0.00063925	0.00276959	47.82532883	8.35849953	7.39487934	5.31665754	2.34019589	0.00201401	0.00075558	0.26393375	0.13196687	4.69145823	3.04580259	0.31514719	0.26498154	0.00023697	0.00300656	-0.02315598	2.50637269	1.64017868	45.50888443	49.14427185	
2.97302699	0.00612605	0.00321895	0.00947243	84.84072113	13.89706135	13.13140965	12.60087204	3.33153296	0.00597958	0.00349285	0.63388461	0.31694230	7.59075880	3.33153296	0.94511294	2.02791405	0.00298900	0.01246144	-0.02472164	0.84541267	0.68443358	36.64996719	49.03140640	
3.27295732	0.00657588	0.00303400	0.01070598	103.83757782	15.04747295	14.39247704	13.55872059	3.25448251	0.00671635	0.00398964	0.81513041	0.40756521	8.20882320	3.25448251	0.96210545	2.31085181	0.00362122	0.01432720	-0.03136267	1.61300397	0.86569369	36.58843613	48.67693329	
3.25999165	0.00691221	0.00353919	0.01125921	115.66572571	15.55123329	15.89896965	14.96406841	3.66436100	0.00699120	0.00426801	0.85998487	0.42999244	8.80321789	3.66436100	0.96161103	2.29838061	0.00427764	0.01553686	-0.04645740	0.00000000	0.00000000	25.52155304	45.81233978	
3.24686575	0.00575867	0.00334602	0.01005863	119.59937286	15.49565887	15.22033787	14.46697330	3.35445333	0.00635646	0.00370217	0.98002946	0.49001473	8.71480370	3.35445333	0.96110386	2.28576183	0.00382120	0.01387983	-0.37252185	0.95003188	0.00000000	23.94846535	33.41144562	
3.21783495	-0.00100962	-0.00103833	0.00090209	85.61421967	0.09205455	0.09273439	0.09204392	0.09040139	0.00038988	0.00051221	0.67488873	0.33744437	0.09186696	0.09049757	0.95992744	2.25790715	0.00000000	0.00090209	-28.10485268	29.13465309	1.74252939	45.94235992	18.18749237	
1.83519709	0.00124246	-0.00030084	0.00228422	43.79070282	7.08895683	5.39342976	5.00467014	1.76445138	0.00162120	0.00066302	0.35457733	0.17728867	3.74922180	1.87707019	0.75310254	1.08209455	0.00029626	0.00258049	-1.91896951	21.23272324	4.71463537	52.53064728	36.26356506	
0.00000000	-0.00008654	-0.00255708	0.00000000	28.82917976	9.74797440	5.64431715	0.00000000	0.00000000	0.00000000	0.00000000	0.00000000	0.00000000	5.04935694	1.74433529	0.00000000	0.00000000	0.00000000	0.00000000	-0.02979730	0.91965812	0.81587082	46.63813019	47.28601837	
0.00000000	-0.00004769	-0.00150485	0.00000000	28.82917786	9.74797535	5.64431715	0.00000000	0.00000000	0.00000000	0.00000000	0.00000000	0.00000000	5.04935741	1.74433529	0.00000000	0.00000000	0.00000000	0.00000000	-0.02074236	5.45597887	3.12172723	50.92249680	50.02248383	
0.00000000	-0.00003946	-0.00117742	0.00000000	28.82917786	9.74797535	5.64431715	0.00000000	0.00000000	0.00000000	0.00000000	0.00000000	0.00000000	5.04935741	1.74433529	0.00000000	0.00000000	0.00000000	0.00000000	-0.02656845	3.99909496	2.20747232	48.59584808	48.24942398	
0.00000000	-0.00003503	-0.00112548	0.00000000	28.82917976	9.74797344	5.64431715	0.00000000	0.00000000	0.00000000	0.00000000	0.00000000	0.00000000	5.04935694	1.74433529	0.00000000	0.00000000	0.00000000	0.00000000	-0.02353000	0.62796223	0.50992596	46.02690887	49.19404984	
0.00000000	-0.00005942	-0.00222666	0.00000000	28.82917786	9.74797535	5.64431715	0.00000000	0.00000000	0.00000000	0.00000000	0.00000000	0.00000000	5.04935741	1.74433529	0.00000000	0.00000000	0.00000000	0.00000000	-0.01699697	3.51007676	2.26404142	49.12120056	51.81113815	
1.73235703	0.00369943	0.00106637	0.00544784	62.34220123	11.70261860	10.70768642	9.28089428	3.50998092	0.00357363	0.00187421	0.38836938	0.19418469	6.49640131	3.80070376	0.66161269	1.07074440	0.00134488	0.00679272	-0.03069691	0.00000000	0.08515119	33.69312668	47.20075607	
4.05277634	0.00639675	0.00348269	0.01064186	98.26518250	14.64907932	14.10431004	13.40291023	2.90423489	0.00624929	0.00439257	0.75273687	0.37636843	7.79373980	2.90423489	0.98237121	3.07040453	0.00414142	0.01478328	-0.02574360	0.00000000	0.00000000	24.79160309	49.55361557	
4.14241362	0.00350629	0.00203064	0.00802842	125.82251740	10.41185570	10.31602669	9.79247379	2.02812958	0.00457506	0.00345336	1.02260196	0.51130098	5.62538385	2.02812958	0.98411536	3.15829849	0.00395686	0.01198527	-2.57872868	1.12507379	0.03157074	22.84103012	28.16671181	
4.12600327	-0.00088781	-0.00139435	0.00322036	149.13887024	1.74496686	1.77341127	1.71662068	0.43302628	0.00143590	0.00178447	1.20455563	0.60227782	1.00700903	0.43303043	0.98385251	3.14215088	0.00063076	0.00385113	-34.38629913	17.45044136	0.33967546	37.42758942	19.73735237	
4.10938978	0.00021581	-0.00041410	0.00401400	121.67089081	4.12173986	3.84592223	3.67255998	0.80913126	0.00206679	0.00194721	1.03352880	0.51676440	2.18267202	0.80913126	0.98358202	3.12580848	0.00102606	0.00504006	-14804394.00000000	26.08907509	1.68795705	43.34544754	19.26780128	
4.05907106	-0.00007812	-0.00068399	0.00287117	108.88872528	3.32953906	2.82758498	2.76473999	0.55318475	0.00152350	0.00134767	0.83971620	0.41985810	1.64093184	0.55319190	0.98268962	3.07638144	0.00051583	0.00338699	-135.08827209	15.91284084	0.50383294	39.32799911	21.20094109	
2.24799466	0.00292643	0.00038040	0.00465841	60.13483810	12.20093632	10.84120464	9.99009228	2.99657917	0.00313855	0.00151986	0.44249779	0.22124889	6.49967527	3.31316066	0.79708886	1.45090652	0.00163397	0.00629238	-0.08149780	6.49453688	2.27364993	35.07249832	39.72366333	
0.00000000	-0.00009222	-0.00198574	0.00000000	58.45862198	11.21603298	11.12242508	0.00000000	0.00000000	0.00000000	0.00000000	0.00000000	0.00000000	6.34796095	4.90701151	0.00000000	0.00000000	0.00000000	0.00000000	-0.04370187	2.04591823	0.56933445	44.56148529	44.24559784	
0.00000000	-0.00005138	-0.00115793	0.00000000	58.45862198	11.21603298	11.12242603	0.00000000	0.00000000	0.00000000	0.00000000	0.00000000	0.00000000	6.34796095	4.90701151	0.00000000	0.00000000	0.00000000	0.00000000	-0.02667094	1.14635599	0.46521980	45.96810532	48.43392181	
