0.00000000	0.00000000	0.00000000	0.00000000	0.00000000	0.00000000	0.00000000	0.00000000	0.00000000	0.00000000	0.00000000	0.00000000	0.00000000	0.00000000	0.00000000	0.00000000	0.00000000	0.00000000	0.00000000	-0.00010474	-0.00234214	0.00000000	0.00000000	0.00186311	0.00000000	0.00225808	49.26501465	11.27670002	9.59635639	0.00000000	0.00000000	0.00000000	0.00000000	0.00000000	0.00000000	6.46881151	5.09850502	0.00000000	0.00000000	0.00000000	0.00000000	-0.01481721	
0.00000000	0.00000000	0.00000000	0.00000000	0.00000000	0.00000000	0.00000000	0.00000000	0.00000000	0.00000000	0.00000000	0.00000000	0.00000000	0.00000000	0.00000000	0.00000000	0.00000000	0.00000000	0.00000000	-0.00008685	-0.00204033	0.00000000	0.00000000	0.00186311	0.00000000	0.00225808	49.26501465	11.27670002	9.59635830	0.00000000	0.00000000	0.00000000	0.00000000	0.00000000	0.00000000	6.46881151	5.09850407	0.00000000	0.00000000	0.00000000	0.00000000	-0.00985356	
0.00000000	0.00000000	0.00000000	0.00000000	0.00000000	0.00000000	0.00000000	0.00000000	0.00000000	0.00000000	0.00000000	0.00000000	0.00000000	0.00000000	0.00000000	0.00000000	0.00000000	0.00000000	0.00000000	-0.00010349	-0.00295542	0.00000000	0.00000000	0.00186311	0.00000000	0.00225808	49.26501465	11.27670002	9.59635639	0.00000000	0.00000000	0.00000000	0.00000000	0.00000000	0.00000000	6.46881151	5.09850502	0.00000000	0.00000000	0.00000000	0.00000000	-0.01118266	
0.88031924	0.00000000	0.00065504	0.00000000	0.00065504	0.00000000	0.00010952	0.00000000	0.00057499	0.00000000	0.00002738	0.00000000	0.00014375	0.00683979	0.00683979	0.00114361	0.00600396	0.00028590	0.00150099	0.00214819	-0.00362465	0.00337681	0.00112927	0.00205702	0.00154701	0.00256586	54.65398788	11.92503262	10.02731514	4.24995852	2.14189863	0.00190037	0.00147644	0.21243046	0.10621523	6.97832584	5.20143414	0.32276341	0.55755585	0.00036936	0.00374617	-0.00882272	
6.35951853	0.00000000	0.00244221	0.00000000	0.00244221	0.00000000	0.00040834	0.00000000	0.00214377	0.00000000	0.00010208	0.00000000	0.00053594	0.00516083	0.00516083	0.00086289	0.00453018	0.00021572	0.00113254	0.00825031	0.00340145	0.01352418	0.00277684	0.00187241	0.00379691	0.00227001	61.06706619	13.70470619	10.70484066	10.70484066	3.42568159	0.00495210	0.00857208	0.56496584	0.28248292	7.72886848	3.42568159	0.99693716	5.36258125	0.00567778	0.01920196	-0.01381038	
7.25983620	0.00000000	0.00282673	0.00000000	0.00282673	0.00000000	0.00047263	0.00000000	0.00248130	0.00000000	0.00011816	0.00000000	0.00062033	0.00000000	0.00000000	0.00000000	0.00000000	0.00000000	0.00000000	0.00950752	0.00321738	0.01796057	0.00300978	0.00201300	0.00415381	0.00243897	85.97100067	16.06526375	12.33971024	12.33971024	3.25813222	0.00651860	0.01144197	1.02058005	0.51029003	9.37971115	3.25813222	0.99929672	6.26053905	0.00578260	0.02374317	-0.05172284	
7.23107576	0.00000000	0.00255963	0.00000000	0.00255963	0.00000000	0.00042797	0.00000000	0.00224684	0.00000000	0.00010699	0.00000000	0.00056171	0.00000000	0.00000000	0.00000000	0.00000000	0.00000000	0.00000000	0.00861145	0.00457525	0.01702848	0.00295077	0.00196972	0.00403099	0.00236857	87.49861908	15.97776222	12.26564217	12.26564217	3.24604845	0.00618925	0.01083923	1.05968404	0.52984202	9.36815739	3.24604845	0.99927628	6.23179913	0.00619372	0.02322220	-0.34387633	
7.20196152	0.00000000	0.00146306	0.00000000	0.00146306	0.00000000	0.00024462	0.00000000	0.00128428	0.00000000	0.00006116	0.00000000	0.00032107	0.00000000	0.00000000	0.00000000	0.00000000	0.00000000	0.00000000	0.00488933	0.00254709	0.01140600	0.00139464	0.00091649	0.00173677	0.00101713	86.60680389	8.38012505	7.04462719	7.01542950	2.37457299	0.00346044	0.00794556	0.93034720	0.46517360	4.99274158	2.37457299	0.99925482	6.20270586	0.00357931	0.01498531	-1.38578916	
7.14702559	0.00000000	0.00199359	0.00000000	0.00199359	0.00000000	0.00033333	0.00000000	0.00174997	0.00000000	0.00008333	0.00000000	0.00043749	0.00000000	0.00000000	0.00000000	0.00000000	0.00000000	0.00000000	0.00672379	0.00280321	0.01299634	0.00277454	0.00177075	0.00375664	0.00210634	69.59672546	14.91229343	10.93295956	10.93295956	2.95792866	0.00473837	0.00825798	0.79065675	0.39532837	8.36360359	2.95792866	0.99921077	6.14781666	0.00418765	0.01718399	-0.20349617	
4.13852596	0.00000000	0.00105696	0.00000000	0.00105696	0.00000000	0.00017672	0.00000000	0.00092780	0.00000000	0.00004418	0.00000000	0.00023195	0.00000000	0.00000000	0.00000000	0.00000000	0.00000000	0.00000000	0.00359741	-0.00004097	0.00630581	0.00254028	0.00180763	0.00339212	0.00218135	41.16810226	11.29412079	7.82969236	7.64800453	2.84704018	0.00268101	0.00362479	0.41656652	0.20828326	6.26660299	2.94055104	0.89146829	3.24705696	0.00258710	0.00889290	-0.04343009	
0.00000000	0.00000000	0.00000000	0.00000000	0.00000000	0.00000000	0.00000000	0.00000000	0.00000000	0.00000000	0.00000000	0.00000000	0.00000000	0.00000000	0.00000000	0.00000000	0.00000000	0.00000000	0.00000000	-0.00016174	-0.00347385	0.00000000	0.00182885	0.00142117	0.00222091	0.00162182	12.70572948	5.33325148	2.81616473	0.00000000	0.00000000	0.00000000	0.00000000	0.00000000	0.00000000	2.76026082	1.44942057	0.00000000	0.00000000	0.00000000	0.00000000	-0.01819685	
0.00000000	0.00000000	0.00000000	0.00000000	0.00000000	0.00000000	0.00000000	0.00000000	0.00000000	0.00000000	0.00000000	0.00000000	0.00000000	0.00000000	0.00000000	0.00000000	0.00000000	0.00000000	0.00000000	-0.00010301	-0.00208020	0.00000000	0.00182885	0.00142117	0.00222091	0.00162182	12.70572853	5.33325148	2.81616449	0.00000000	0.00000000	0.00000000	0.00000000	0.00000000	0.00000000	2.76026082	1.44942057	0.00000000	0.00000000	0.00000000	0.00000000	-0.01256589	
0.00000000	0.00000000	0.00000000	0.00000000	0.00000000	0.00000000	0.00000000	0.00000000	0.00000000	0.00000000	0.00000000	0.00000000	0.00000000	0.00000000	0.00000000	0.00000000	0.00000000	0.00000000	0.00000000	-0.00007125	-0.00165198	0.00000000	0.00182885	0.00142117	0.00222091	0.00162182	12.70572853	5.33325148	2.81616449	0.00000000	0.00000000	0.00000000	0.00000000	0.00000000	0.00000000	2.76026082	1.44942057	0.00000000	0.00000000	0.00000000	0.00000000	-0.01747750	
0.00000000	0.00000000	0.00000000	0.00000000	0.00000000	0.00000000	0.00000000	0.00000000	0.00000000	0.00000000	0.00000000	0.00000000	0.00000000	0.00000000	0.00000000	0.00000000	0.00000000	0.00000000	0.00000000	-0.00008661	-0.00191673	0.00000000	0.00182885	0.00142117	0.00222091	0.00162182	12.70572948	5.33325148	2.81616473	0.00000000	0.00000000	0.00000000	0.00000000	0.00000000	0.00000000	2.76026082	1.44942057	0.00000000	0.00000000	0.00000000	0.00000000	-0.01217815	
0.00000000	0.00000000	0.00000000	0.00000000	0.00000000	0.00000000	0.00000000	0.00000000	0.00000000	0.00000000	0.00000000	0.00000000	0.00000000	0.00000000	0.00000000	0.00000000	0.00000000	0.00000000	0.00000000	-0.00011303	-0.00362633	0.00000000	0.00182885	0.00142117	0.00222091	0.00162182	12.70572853	5.33325148	2.81616449	0.00000000	0.00000000	0.00000000	0.00000000	0.00000000	0.00000000	2.76026082	1.44942057	0.00000000	0.00000000	0.00000000	0.00000000	-0.01151884	
1.06592798	0.00000000	0.00076592	0.00000000	0.00076592	0.00000000	0.00012806	0.00000000	0.00067232	0.00000000	0.00003202	0.00000000	0.00016808	0.00759938	0.00759938	0.00127062	0.00667074	0.00031765	0.00166768	0.00253512	-0.00279778	0.00401678	0.00216930	0.00174882	0.00277234	0.00210690	36.20238495	8.20030689	6.12593794	4.50726175	2.20702910	0.00204708	0.00196970	0.25068277	0.12534139	4.71231890	3.02836728	0.35982928	0.70609879	0.00064744	0.00466422	-0.01122858	
6.77289391	0.00000000	0.00253996	0.00000000	0.00253996	0.00000000	0.00042468	0.00000000	0.00222958	0.00000000	0.00010617	0.00000000	0.00055739	0.00499269	0.00499269	0.00083478	0.00438258	0.00020869	0.00109564	0.00855356	0.00255160	0.01461415	0.00274376	0.00176910	0.00371724	0.00210672	62.03462219	14.26372814	10.40323257	10.40323257	3.01767778	0.00533153	0.00928262	0.65478325	0.32739162	7.98004436	3.01767778	0.99803668	5.77485800	0.00444000	0.01905415	-0.01172501	
7.60824871	0.00000000	0.00266071	0.00000000	0.00266071	0.00000000	0.00044487	0.00000000	0.00233557	0.00000000	0.00011122	0.00000000	0.00058389	0.00000000	0.00000000	0.00000000	0.00000000	0.00000000	0.00000000	0.00894028	0.00269369	0.01654045	0.00283051	0.00177223	0.00385834	0.00211122	71.99975586	15.35460949	11.07771111	11.07771111	2.81598735	0.00597343	0.01056702	0.83905053	0.41952527	8.54588127	2.81598735	0.99950367	6.60874462	0.00485604	0.02139649	-0.02465970	
7.57810736	0.00000000	0.00294950	0.00000000	0.00294950	0.00000000	0.00049316	0.00000000	0.00258907	0.00000000	0.00012329	0.00000000	0.00064727	0.00000000	0.00000000	0.00000000	0.00000000	0.00000000	0.00000000	0.00988358	0.00440133	0.01796761	0.00298457	0.00194527	0.00411897	0.00233986	80.50781250	15.99774933	12.38422775	12.38422775	3.17644095	0.00646474	0.01150287	0.88550782	0.44275391	9.16135693	3.17644095	0.99948847	6.57861900	0.00543113	0.02339874	-0.03876916	
7.54759550	0.00000000	0.00253181	0.00000000	0.00253181	0.00000000	0.00042332	0.00000000	0.00222242	0.00000000	0.00010583	0.00000000	0.00055560	0.00000000	0.00000000	0.00000000	0.00000000	0.00000000	0.00000000	0.00849184	0.00389434	0.01676939	0.00296703	0.00190930	0.00407794	0.00228811	79.94915771	16.07072449	11.67618179	11.67618179	2.89406943	0.00611657	0.01065282	1.00944042	0.50472021	9.17997646	2.89406943	0.99947268	6.54812288	0.00374482	0.02051421	-0.14445078	
7.49002552	0.00000000	0.00177737	0.00000000	0.00177737	0.00000000	0.00029718	0.00000000	0.00156017	0.00000000	0.00007429	0.00000000	0.00039004	0.00000000	0.00000000	0.00000000	0.00000000	0.00000000	0.00000000	0.00598776	0.00300956	0.01175329	0.00269396	0.00164502	0.00363262	0.00193871	61.74753189	14.56500053	10.25342655	10.25342655	2.67602658	0.00425420	0.00749909	0.69569129	0.34784564	7.90945530	2.67602658	0.99943995	6.49058533	0.00453703	0.01629033	-0.23818460	
4.33714056	0.00000000	0.00094362	0.00000000	0.00094362	0.00000000	0.00015777	0.00000000	0.00082831	0.00000000	0.00003944	0.00000000	0.00020708	0.00000000	0.00000000	0.00000000	0.00000000	0.00000000	0.00000000	0.00319480	-0.00050210	0.00565683	0.00240333	0.00161530	0.00315872	0.00190640	34.90275955	10.85209942	6.87030602	6.64064884	2.47462392	0.00240190	0.00325493	0.37186524	0.18593262	5.94591284	2.59860158	0.89614260	3.44099855	0.00194855	0.00760538	-0.03410784	
0.00000000	0.00000000	0.00000000	0.00000000	0.00000000	0.00000000	0.00000000	0.00000000	0.00000000	0.00000000	0.00000000	0.00000000	0.00000000	0.00000000	0.00000000	0.00000000	0.00000000	0.00000000	0.00000000	-0.00018272	-0.00449769	0.00000000	0.00183674	0.00137923	0.00219836	0.00154455	18.40569878	9.28348064	3.55968499	0.00000000	0.00000000	0.00000000	0.00000000	0.00000000	0.00000000	5.33184862	1.92165744	0.00000000	0.00000000	0.00000000	0.00000000	-0.01228066	
0.00000000	0.00000000	0.00000000	0.00000000	0.00000000	0.00000000	0.00000000	0.00000000	0.00000000	0.00000000	0.00000000	0.00000000	0.00000000	0.00000000	0.00000000	0.00000000	0.00000000	0.00000000	0.00000000	-0.00010000	-0.00244755	0.00000000	0.00183674	0.00137923	0.00219836	0.00154455	18.40569878	9.28348064	3.55968499	0.00000000	0.00000000	0.00000000	0.00000000	0.00000000	0.00000000	5.33184862	1.92165744	0.00000000	0.00000000	0.00000000	0.00000000	-0.01141390	
0.00000000	0.00000000	0.00000000	0.00000000	0.00000000	0.00000000	0.00000000	0.00000000	0.00000000	0.00000000	0.00000000	0.00000000	0.00000000	0.00000000	0.00000000	0.00000000	0.00000000	0.00000000	0.00000000	-0.00008340	-0.00202494	0.00000000	0.00183674	0.00137923	0.00219836	0.00154455	18.40569878	9.28348064	3.55968499	0.00000000	0.00000000	0.00000000	0.00000000	0.00000000	0.00000000	5.33184862	1.92165744	0.00000000	0.00000000	0.00000000	0.00000000	-0.01352855	
0.00000000	0.00000000	0.00000000	0.00000000	0.00000000	0.00000000	0.00000000	0.00000000	0.00000000	0.00000000	0.00000000	0.00000000	0.00000000	0.00000000	0.00000000	0.00000000	0.00000000	0.00000000	0.00000000	-0.00007427	-0.00200223	0.00000000	0.00183674	0.00137923	0.00219836	0.00154455	18.40569878	9.28348064	3.55968499	0.00000000	0.00000000	0.00000000	0.00000000	0.00000000	0.00000000	5.33184862	1.92165744	0.00000000	0.00000000	0.00000000	0.00000000	-0.01062892	
0.00000000	0.00000000	0.00000000	0.00000000	0.00000000	0.00000000	0.00000000	0.00000000	0.00000000	0.00000000	0.00000000	0.00000000	0.00000000	0.00000000	0.00000000	0.00000000	0.00000000	0.00000000	0.00000000	-0.00012803	-0.00418309	0.00000000	0.00183674	0.00137923	0.00219836	0.00154455	18.40569878	9.28348064	3.55968499	0.00000000	0.00000000	0.00000000	0.00000000	0.00000000	0.00000000	5.33184862	1.92165744	0.00000000	0.00000000	0.00000000	0.00000000	-0.01064245	
2.83982086	0.00000000	0.00137962	0.00000000	0.00137962	0.00000000	0.00023067	0.00000000	0.00121103	0.00000000	0.00005767	0.00000000	0.00030276	0.01135116	0.01135116	0.00189791	0.00996405	0.00047448	0.00249101	0.00460388	-0.00072034	0.00713094	0.00250569	0.00192047	0.00334535	0.00237073	42.55657578	11.28141975	8.02956104	7.08031178	3.07895827	0.00316724	0.00396370	0.31151763	0.15575881	6.42845631	3.59140038	0.66238916	2.17743158	0.00182558	0.00895652	-0.01301052	
8.02350712	0.00000000	0.00263495	0.00000000	0.00263495	0.00000000	0.00044056	0.00000000	0.00231296	0.00000000	0.00011014	0.00000000	0.00057824	0.00251362	0.00251362	0.00042028	0.00220646	0.00010507	0.00055161	0.00885001	0.00365723	0.01597507	0.00281123	0.00173918	0.00383198	0.00206232	69.21175385	14.79837513	11.08806229	11.08806229	2.83183956	0.00558008	0.01039499	0.74848443	0.37424222	8.19203663	2.83183956	0.99962896	7.02387905	0.00514363	0.02111869	-0.02468175	
8.30890751	0.00000000	0.00266681	0.00000000	0.00266681	0.00000000	0.00044589	0.00000000	0.00234092	0.00000000	0.00011147	0.00000000	0.00058523	0.00000000	0.00000000	0.00000000	0.00000000	0.00000000	0.00000000	0.00894426	0.00470800	0.01794282	0.00287127	0.00180333	0.00390340	0.00212949	83.83969879	15.88329983	12.09471226	12.09471226	2.82049394	0.00633478	0.01160804	1.01666462	0.50833231	8.99003696	2.82049394	0.99975365	7.30915260	0.00612050	0.02406331	-0.31310922	
8.27599239	0.00000000	0.00205363	0.00000000	0.00205363	0.00000000	0.00034337	0.00000000	0.00180268	0.00000000	0.00008584	0.00000000	0.00045067	0.00000000	0.00000000	0.00000000	0.00000000	0.00000000	0.00000000	0.00690674	0.00419192	0.01623225	0.00184155	0.00117571	0.00230769	0.00130747	98.28860474	11.13641357	9.40976143	9.34376717	2.66778088	0.00496040	0.01127185	1.19789994	0.59894997	6.55367470	2.66778088	0.99974543	7.27624512	0.00535817	0.02159042	-1.17738211	
8.24266911	0.00000000	0.00096833	0.00000000	0.00096833	0.00000000	0.00016190	0.00000000	0.00085000	0.00000000	0.00004048	0.00000000	0.00021250	0.00000000	0.00000000	0.00000000	0.00000000	0.00000000	0.00000000	0.00274231	0.00044573	0.01002838	0.00114439	0.00070135	0.00144149	0.00075936	79.96785736	6.79218721	5.32581902	5.32457447	1.52035534	0.00294191	0.00708647	1.02811015	0.51405507	3.88281226	1.52035534	0.99973679	7.24293184	0.00222350	0.01225188	-2.10229492	
8.15628529	0.00000000	0.00174113	0.00000000	0.00174113	0.00000000	0.00029112	0.00000000	0.00152836	0.00000000	0.00007278	0.00000000	0.00038209	0.00000000	0.00000000	0.00000000	0.00000000	0.00000000	0.00000000	0.00590163	0.00370261	0.01253167	0.00196718	0.00118832	0.00247698	0.00131789	75.11653900	11.74484348	9.52869034	9.49099350	2.60983920	0.00404795	0.00848372	0.83615583	0.41807792	6.57260323	2.60983920	0.99971080	7.15657568	0.00443799	0.01696967	-0.95670438	
4.58309269	0.00000000	0.00098715	0.00000000	0.00098715	0.00000000	0.00016505	0.00000000	0.00086652	0.00000000	0.00004126	0.00000000	0.00021663	0.00000000	0.00000000	0.00000000	0.00000000	0.00000000	0.00000000	0.00329222	-0.00166964	0.00620213	0.00254889	0.00179696	0.00341355	0.00218081	46.84381866	12.31812000	8.76343155	8.14734173	3.04521322	0.00266032	0.00354181	0.45096937	0.22548468	6.85407782	3.37295985	0.90002376	3.68306947	0.00307914	0.00928127	-0.04081243	
0.00000000	0.00000000	0.00000000	0.00000000	0.00000000	0.00000000	0.00000000	0.00000000	0.00000000	0.00000000	0.00000000	0.00000000	0.00000000	0.00000000	0.00000000	0.00000000	0.00000000	0.00000000	0.00000000	-0.00017236	-0.00415306	0.00000000	0.00227359	0.00186317	0.00292781	0.00225818	49.25878525	11.12828445	9.54939556	0.00000000	0.00000000	0.00000000	0.00000000	0.00000000	0.00000000	6.39355898	5.08007288	0.00000000	0.00000000	0.00000000	0.00000000	-0.00996128	
0.00000000	0.00000000	0.00000000	0.00000000	0.00000000	0.00000000	0.00000000	0.00000000	0.00000000	0.00000000	0.00000000	0.00000000	0.00000000	0.00000000	0.00000000	0.00000000	0.00000000	0.00000000	0.00000000	-0.00009470	-0.00188436	0.00000000	0.00227358	0.00186317	0.00292781	0.00225818	49.25878525	11.12828541	9.54939651	0.00000000	0.00000000	0.00000000	0.00000000	0.00000000	0.00000000	6.39355850	5.08007336	0.00000000	0.00000000	0.00000000	0.00000000	-0.01468181	
