0.00000000	0.00000000	0.00000000	0.00000000	0.00000000	0.00000000	0.00000000	0.00000000	0.00000000	0.00000000	0.00000000	0.00000000	0.00000000	0.00000000	0.00000000	0.00000000	0.00000000	0.00000000	0.00000000	-0.00007413	-0.00191154	0.00000000	0.00000000	0.00000000	0.00292781	0.00227889	47.88233185	10.93232250	9.35707569	0.00000000	0.00000000	0.00000000	0.00000000	0.00000000	0.00000000	6.24325609	5.01440573	0.00000000	0.00000000	0.00000000	0.00000000	-0.04596846	
0.00000000	0.00000000	0.00000000	0.00000000	0.00000000	0.00000000	0.00000000	0.00000000	0.00000000	0.00000000	0.00000000	0.00000000	0.00000000	0.00000000	0.00000000	0.00000000	0.00000000	0.00000000	0.00000000	-0.00006165	-0.00177080	0.00000000	0.00000000	0.00000000	0.00292781	0.00227889	47.88233185	10.93232441	9.35707378	0.00000000	0.00000000	0.00000000	0.00000000	0.00000000	0.00000000	6.24325609	5.01440573	0.00000000	0.00000000	0.00000000	0.00000000	-0.02184283	
0.00000000	0.00000000	0.00000000	0.00000000	0.00000000	0.00000000	0.00000000	0.00000000	0.00000000	0.00000000	0.00000000	0.00000000	0.00000000	0.00000000	0.00000000	0.00000000	0.00000000	0.00000000	0.00000000	-0.00007204	-0.00207714	0.00000000	0.00000000	0.00000000	0.00292781	0.00227889	47.88233185	10.93232250	9.35707569	0.00000000	0.00000000	0.00000000	0.00000000	0.00000000	0.00000000	6.24325609	5.01440573	0.00000000	0.00000000	0.00000000	0.00000000	-0.02500823	
0.57323587	0.00000000	0.00050977	0.00000000	0.00050977	0.00000000	0.00008523	0.00000000	0.00044748	0.00000000	0.00002131	0.00000000	0.00011187	0.00408680	0.00408680	0.00068331	0.00358740	0.00017083	0.00089685	0.00176069	-0.00246191	0.00265483	0.00123339	0.00106733	0.00335301	0.00268730	54.04982758	11.54377842	9.89751625	4.55312824	2.47283769	0.00178908	0.00086575	0.21324818	0.10662409	6.74658012	5.31707096	0.29061660	0.28261930	0.00006069	0.00271551	-0.01909313	
3.64233398	0.00000000	0.00200673	0.00000000	0.00200673	0.00000000	0.00033552	0.00000000	0.00176150	0.00000000	0.00008388	0.00000000	0.00044038	0.00268497	0.00268497	0.00044893	0.00235687	0.00011223	0.00058922	0.00692644	0.00328747	0.01056727	0.00277684	0.00215058	0.00379691	0.00270643	58.74932480	13.03067112	10.38354206	10.38354206	4.47021246	0.00484926	0.00571801	0.51617956	0.25808978	7.64167738	4.47021246	0.96959943	2.67273474	0.00385321	0.01442048	-0.02176941	
4.09157133	0.00000000	0.00230549	0.00000000	0.00230549	0.00000000	0.00038548	0.00000000	0.00202376	0.00000000	0.00009637	0.00000000	0.00050594	0.00000000	0.00000000	0.00000000	0.00000000	0.00000000	0.00000000	0.00789081	0.00407809	0.01332403	0.00300647	0.00234431	0.00414754	0.00296596	84.41162872	15.47866535	12.22227859	12.22227859	4.86785078	0.00585766	0.00746637	0.93610066	0.46805033	9.63923073	4.86785078	0.98328692	3.10828471	0.00565077	0.01897480	-0.13080913	
4.07536268	0.00000000	0.00116165	0.00000000	0.00116165	0.00000000	0.00019423	0.00000000	0.00101970	0.00000000	0.00004856	0.00000000	0.00025493	0.00000000	0.00000000	0.00000000	0.00000000	0.00000000	0.00000000	0.00380972	0.00209490	0.00824225	0.00135877	0.00104098	0.00169409	0.00119882	86.02690887	7.84537554	6.63782167	6.60697031	2.98205018	0.00335511	0.00488715	0.97172916	0.48586458	5.07105303	2.98235011	0.98301375	3.09234881	0.00322904	0.01147130	-2.71361613	
4.05895376	0.00000000	0.00014596	0.00000000	0.00014596	0.00000000	0.00002440	0.00000000	0.00012812	0.00000000	0.00000610	0.00000000	0.00003203	0.00000000	0.00000000	0.00000000	0.00000000	0.00000000	0.00000000	0.00022007	-0.00014505	0.00322096	0.00029883	0.00022035	0.00029339	0.00018400	84.78845978	1.94233310	1.45305777	1.44799531	0.84382117	0.00115329	0.00206767	0.85292631	0.42646316	1.34065330	0.84578109	0.98273283	3.07622051	0.00035257	0.00357354	-52.01660919	
4.02799320	0.00000000	0.00106115	0.00000000	0.00106115	0.00000000	0.00017742	0.00000000	0.00093147	0.00000000	0.00004436	0.00000000	0.00023287	0.00000000	0.00000000	0.00000000	0.00000000	0.00000000	0.00000000	0.00354239	0.00145146	0.00702734	0.00174950	0.00129281	0.00231561	0.00155298	67.96733856	9.15147305	6.62755489	6.61871243	2.75515437	0.00301580	0.00401154	0.72455943	0.36227971	5.50602865	2.75593066	0.98217607	3.04581714	0.00168755	0.00871489	-8.53689098	
2.33243227	0.00000000	0.00087100	0.00000000	0.00087100	0.00000000	0.00014563	0.00000000	0.00076456	0.00000000	0.00003641	0.00000000	0.00019114	0.00000000	0.00000000	0.00000000	0.00000000	0.00000000	0.00000000	0.00312395	-0.00003415	0.00495282	0.00254028	0.00200136	0.00339212	0.00248080	39.22544479	10.60092735	7.50347662	7.32932472	3.35141110	0.00261991	0.00233292	0.37607324	0.18803662	6.03710747	3.44207597	0.80691510	1.52551699	0.00131383	0.00626665	-0.07830413	
0.00000000	0.00000000	0.00000000	0.00000000	0.00000000	0.00000000	0.00000000	0.00000000	0.00000000	0.00000000	0.00000000	0.00000000	0.00000000	0.00000000	0.00000000	0.00000000	0.00000000	0.00000000	0.00000000	-0.00010090	-0.00299278	0.00000000	0.00182885	0.00143858	0.00222091	0.00164614	12.15792656	5.03273916	2.69935846	0.00000000	0.00000000	0.00000000	0.00000000	0.00000000	0.00000000	2.60140538	1.40530550	0.00000000	0.00000000	0.00000000	0.00000000	-0.04171309	
0.00000000	0.00000000	0.00000000	0.00000000	0.00000000	0.00000000	0.00000000	0.00000000	0.00000000	0.00000000	0.00000000	0.00000000	0.00000000	0.00000000	0.00000000	0.00000000	0.00000000	0.00000000	0.00000000	-0.00006463	-0.00194474	0.00000000	0.00182885	0.00143858	0.00222091	0.00164614	12.15792656	5.03273964	2.69935822	0.00000000	0.00000000	0.00000000	0.00000000	0.00000000	0.00000000	2.60140514	1.40530539	0.00000000	0.00000000	0.00000000	0.00000000	-0.03168889	
0.00000000	0.00000000	0.00000000	0.00000000	0.00000000	0.00000000	0.00000000	0.00000000	0.00000000	0.00000000	0.00000000	0.00000000	0.00000000	0.00000000	0.00000000	0.00000000	0.00000000	0.00000000	0.00000000	-0.00004448	-0.00141664	0.00000000	0.00182885	0.00143858	0.00222091	0.00164614	12.15792656	5.03273964	2.69935822	0.00000000	0.00000000	0.00000000	0.00000000	0.00000000	0.00000000	2.60140514	1.40530539	0.00000000	0.00000000	0.00000000	0.00000000	-0.03954576	
0.00000000	0.00000000	0.00000000	0.00000000	0.00000000	0.00000000	0.00000000	0.00000000	0.00000000	0.00000000	0.00000000	0.00000000	0.00000000	0.00000000	0.00000000	0.00000000	0.00000000	0.00000000	0.00000000	-0.00005360	-0.00152563	0.00000000	0.00182885	0.00143858	0.00222091	0.00164614	12.15792656	5.03273869	2.69935846	0.00000000	0.00000000	0.00000000	0.00000000	0.00000000	0.00000000	2.60140562	1.40530562	0.00000000	0.00000000	0.00000000	0.00000000	-0.02847432	
0.00000000	0.00000000	0.00000000	0.00000000	0.00000000	0.00000000	0.00000000	0.00000000	0.00000000	0.00000000	0.00000000	0.00000000	0.00000000	0.00000000	0.00000000	0.00000000	0.00000000	0.00000000	0.00000000	-0.00006872	-0.00240722	0.00000000	0.00182885	0.00143858	0.00222091	0.00164614	12.15792656	5.03273964	2.69935822	0.00000000	0.00000000	0.00000000	0.00000000	0.00000000	0.00000000	2.60140514	1.40530539	0.00000000	0.00000000	0.00000000	0.00000000	-0.02737837	
0.83396155	0.00000000	0.00068918	0.00000000	0.00068918	0.00000000	0.00011523	0.00000000	0.00060497	0.00000000	0.00002881	0.00000000	0.00015124	0.00510313	0.00510313	0.00085324	0.00447953	0.00021331	0.00111988	0.00238339	-0.00075575	0.00357672	0.00221374	0.00183218	0.00284770	0.00223781	36.69158554	8.09797192	6.24926901	4.87460136	2.55534315	0.00212105	0.00145566	0.25384629	0.12692314	4.67751980	3.25799584	0.36822262	0.46573904	0.00037527	0.00395199	-0.02315598	
4.27386236	0.00000000	0.00218785	0.00000000	0.00218785	0.00000000	0.00036581	0.00000000	0.00192049	0.00000000	0.00009145	0.00000000	0.00048012	0.00269862	0.00269862	0.00045121	0.00236885	0.00011280	0.00059221	0.00749980	0.00398079	0.01185371	0.00274376	0.00202488	0.00371724	0.00249694	60.63011932	13.77305126	10.23154640	10.23154640	3.99531984	0.00509627	0.00675744	0.61104852	0.30552426	8.10287380	3.99531984	0.98380494	3.29005694	0.00374199	0.01559570	-0.02472164	
4.70502615	0.00000000	0.00237517	0.00000000	0.00237517	0.00000000	0.00039713	0.00000000	0.00208493	0.00000000	0.00009928	0.00000000	0.00052123	0.00000000	0.00000000	0.00000000	0.00000000	0.00000000	0.00000000	0.00809777	0.00387852	0.01345837	0.00283051	0.00206405	0.00385834	0.00255544	70.80829620	14.90601444	10.97643471	10.97643471	4.02218819	0.00563367	0.00782470	0.78412360	0.39206180	8.90126705	4.02218819	0.99095023	3.71407604	0.00456822	0.01802659	-0.03136267	
4.68638754	0.00000000	0.00255640	0.00000000	0.00255640	0.00000000	0.00042743	0.00000000	0.00224401	0.00000000	0.00010686	0.00000000	0.00056100	0.00000000	0.00000000	0.00000000	0.00000000	0.00000000	0.00000000	0.00867730	0.00470575	0.01435060	0.00298457	0.00224781	0.00411897	0.00281349	79.16053772	15.52635288	12.26574516	12.26574516	4.52172470	0.00598749	0.00836310	0.82737386	0.41368693	9.44949722	4.52172470	0.99077994	3.69560719	0.00534724	0.01969784	-0.04645740	
4.66751719	0.00000000	0.00206068	0.00000000	0.00206068	0.00000000	0.00034455	0.00000000	0.00180886	0.00000000	0.00008614	0.00000000	0.00045222	0.00000000	0.00000000	0.00000000	0.00000000	0.00000000	0.00000000	0.00701995	0.00416642	0.01257244	0.00280916	0.00208554	0.00379257	0.00256311	78.90334320	15.10284996	11.39352131	11.38446617	4.17271376	0.00526734	0.00730510	0.94298184	0.47149092	9.27430344	4.17271376	0.99060434	3.67691374	0.00463009	0.01720253	-0.37252185	
4.62578487	0.00000000	0.00000000	0.00000000	0.00000000	0.00000000	0.00000000	0.00000000	0.00000000	0.00000000	0.00000000	0.00000000	0.00000000	0.00000000	0.00000000	0.00000000	0.00000000	0.00000000	0.00000000	-0.00022360	-0.00025798	0.00225013	0.00006111	0.00006111	0.00000000	0.00000000	60.46489334	0.54376829	0.54534489	0.54121184	0.51958972	0.00062403	0.00162609	0.64953512	0.32476756	0.53689057	0.52215075	0.99018800	3.63559651	0.00000000	0.00225013	-28.10485268	
2.63817906	0.00000000	0.00040328	0.00000000	0.00040328	0.00000000	0.00006743	0.00000000	0.00035400	0.00000000	0.00001686	0.00000000	0.00008850	0.00000000	0.00000000	0.00000000	0.00000000	0.00000000	0.00000000	0.00149351	-0.00054365	0.00283151	0.00160633	0.00122152	0.00204026	0.00144338	33.53509140	6.83866501	4.27879286	4.04285288	2.04192495	0.00147732	0.00135419	0.34125093	0.17062546	3.90766788	2.17189503	0.82909191	1.80908751	0.00043934	0.00327085	-1.91896951	
0.00000000	0.00000000	0.00000000	0.00000000	0.00000000	0.00000000	0.00000000	0.00000000	0.00000000	0.00000000	0.00000000	0.00000000	0.00000000	0.00000000	0.00000000	0.00000000	0.00000000	0.00000000	0.00000000	-0.00011208	-0.00354129	0.00000000	0.00183674	0.00139724	0.00219836	0.00156894	18.24279022	8.96000862	3.54509974	0.00000000	0.00000000	0.00000000	0.00000000	0.00000000	0.00000000	5.14544153	1.98882186	0.00000000	0.00000000	0.00000000	0.00000000	-0.02979730	
0.00000000	0.00000000	0.00000000	0.00000000	0.00000000	0.00000000	0.00000000	0.00000000	0.00000000	0.00000000	0.00000000	0.00000000	0.00000000	0.00000000	0.00000000	0.00000000	0.00000000	0.00000000	0.00000000	-0.00006177	-0.00218672	0.00000000	0.00183674	0.00139724	0.00219836	0.00156894	18.24279022	8.96000957	3.54509950	0.00000000	0.00000000	0.00000000	0.00000000	0.00000000	0.00000000	5.14544201	1.98882198	0.00000000	0.00000000	0.00000000	0.00000000	-0.02074236	
0.00000000	0.00000000	0.00000000	0.00000000	0.00000000	0.00000000	0.00000000	0.00000000	0.00000000	0.00000000	0.00000000	0.00000000	0.00000000	0.00000000	0.00000000	0.00000000	0.00000000	0.00000000	0.00000000	-0.00005111	-0.00167917	0.00000000	0.00183674	0.00139724	0.00219836	0.00156894	18.24279022	8.96000957	3.54509950	0.00000000	0.00000000	0.00000000	0.00000000	0.00000000	0.00000000	5.14544201	1.98882198	0.00000000	0.00000000	0.00000000	0.00000000	-0.02656845	
0.00000000	0.00000000	0.00000000	0.00000000	0.00000000	0.00000000	0.00000000	0.00000000	0.00000000	0.00000000	0.00000000	0.00000000	0.00000000	0.00000000	0.00000000	0.00000000	0.00000000	0.00000000	0.00000000	-0.00004536	-0.00154142	0.00000000	0.00183674	0.00139724	0.00219836	0.00156894	18.24279022	8.96000767	3.54509974	0.00000000	0.00000000	0.00000000	0.00000000	0.00000000	0.00000000	5.14544153	1.98882186	0.00000000	0.00000000	0.00000000	0.00000000	-0.02353000	
0.00000000	0.00000000	0.00000000	0.00000000	0.00000000	0.00000000	0.00000000	0.00000000	0.00000000	0.00000000	0.00000000	0.00000000	0.00000000	0.00000000	0.00000000	0.00000000	0.00000000	0.00000000	0.00000000	-0.00007693	-0.00294901	0.00000000	0.00183674	0.00139724	0.00219836	0.00156894	18.24279022	8.96000957	3.54509950	0.00000000	0.00000000	0.00000000	0.00000000	0.00000000	0.00000000	5.14544201	1.98882198	0.00000000	0.00000000	0.00000000	0.00000000	-0.01699697	
2.52051687	0.00000000	0.00133197	0.00000000	0.00133197	0.00000000	0.00022271	0.00000000	0.00116921	0.00000000	0.00005568	0.00000000	0.00029230	0.00871396	0.00871396	0.00145697	0.00764912	0.00036424	0.00191228	0.00456966	0.00125432	0.00688825	0.00257701	0.00205245	0.00345939	0.00256795	48.30251312	11.46185493	8.77365780	8.17936325	3.88618207	0.00341435	0.00347389	0.37334749	0.18667375	6.65300655	4.21765184	0.72343522	1.79708135	0.00186749	0.00875574	-0.03069691	
5.89664125	0.00000000	0.00233779	0.00000000	0.00233779	0.00000000	0.00039088	0.00000000	0.00205211	0.00000000	0.00009772	0.00000000	0.00051303	0.00136207	0.00136207	0.00022774	0.00119563	0.00005693	0.00029891	0.00793846	0.00437974	0.01348982	0.00281123	0.00194186	0.00383198	0.00236585	68.42127228	14.52685642	11.00049114	11.00049114	3.59015870	0.00513216	0.00835766	0.72002876	0.36001438	8.43622875	3.59015870	0.99716192	4.89947891	0.00563091	0.01912073	-0.02574360	
6.02706194	0.00000000	0.00144573	0.00000000	0.00144573	0.00000000	0.00024173	0.00000000	0.00126907	0.00000000	0.00006043	0.00000000	0.00031727	0.00000000	0.00000000	0.00000000	0.00000000	0.00000000	0.00000000	0.00476593	0.00297531	0.01066825	0.00182215	0.00127045	0.00240221	0.00149434	83.16030884	10.22832775	7.96730232	7.95383167	2.66728067	0.00380274	0.00686552	0.97723979	0.48861989	6.17657518	2.66731811	0.99758762	5.02947378	0.00525016	0.01591841	-2.57872868	
6.00318527	0.00000000	0.00023695	0.00000000	0.00023695	0.00000000	0.00003962	0.00000000	0.00020799	0.00000000	0.00000990	0.00000000	0.00005200	0.00000000	0.00000000	0.00000000	0.00000000	0.00000000	0.00000000	0.00024594	-0.00038692	0.00563612	0.00030735	0.00023131	0.00030868	0.00019655	97.55008698	1.99590909	1.73324513	1.72694385	0.89007747	0.00151974	0.00411638	1.15129912	0.57564956	1.41868901	0.89041471	0.99752879	5.00565577	0.00078646	0.00642258	-34.38629913	
5.97901535	0.00000000	0.00048828	0.00000000	0.00048828	0.00000000	0.00008164	0.00000000	0.00042861	0.00000000	0.00002041	0.00000000	0.00010715	0.00000000	0.00000000	0.00000000	0.00000000	0.00000000	0.00000000	0.00119732	0.00040355	0.00616777	0.00072377	0.00049188	0.00087876	0.00051316	79.38394165	4.26792908	3.16707945	3.14610434	1.29199481	0.00189512	0.00427265	0.98798609	0.49399304	2.66571403	1.29199481	0.99746871	4.98154545	0.00134610	0.00751388	-14804394.00000000	
5.90580034	0.00000000	0.00031977	0.00000000	0.00031977	0.00000000	0.00005346	0.00000000	0.00028069	0.00000000	0.00001337	0.00000000	0.00007017	0.00000000	0.00000000	0.00000000	0.00000000	0.00000000	0.00000000	0.00078373	0.00002753	0.00463170	0.00060500	0.00039397	0.00072085	0.00039670	74.34407806	3.53100538	2.40642095	2.40281820	1.01266325	0.00141279	0.00321891	0.80306774	0.40153387	2.13564134	1.01328135	0.99726081	4.90853930	0.00065615	0.00528784	-135.08827209	
3.27075124	0.00000000	0.00085383	0.00000000	0.00085383	0.00000000	0.00014276	0.00000000	0.00074950	0.00000000	0.00003569	0.00000000	0.00018737	0.00000000	0.00000000	0.00000000	0.00000000	0.00000000	0.00000000	0.00303032	-0.00042458	0.00524040	0.00254889	0.00192540	0.00341355	0.00237619	45.68775940	11.91373062	8.58066082	7.97990513	3.42092657	0.00253671	0.00270370	0.42636621	0.21318310	6.76732588	3.74326396	0.86116171	2.40958953	0.00246907	0.00770947	-0.08149780	
0.00000000	0.00000000	0.00000000	0.00000000	0.00000000	0.00000000	0.00000000	0.00000000	0.00000000	0.00000000	0.00000000	0.00000000	0.00000000	0.00000000	0.00000000	0.00000000	0.00000000	0.00000000	0.00000000	-0.00012045	-0.00281046	0.00000000	0.00227359	0.00187664	0.00292781	0.00227901	47.87369156	10.78931618	9.31171799	0.00000000	0.00000000	0.00000000	0.00000000	0.00000000	0.00000000	6.17097330	4.99623156	0.00000000	0.00000000	0.00000000	0.00000000	-0.04370187	
0.00000000	0.00000000	0.00000000	0.00000000	0.00000000	0.00000000	0.00000000	0.00000000	0.00000000	0.00000000	0.00000000	0.00000000	0.00000000	0.00000000	0.00000000	0.00000000	0.00000000	0.00000000	0.00000000	-0.00006712	-0.00168435	0.00000000	0.00227358	0.00187664	0.00292781	0.00227901	47.87368774	10.78931522	9.31171703	0.00000000	0.00000000	0.00000000	0.00000000	0.00000000	0.00000000	6.17097330	4.99623156	0.00000000	0.00000000	0.00000000	0.00000000	-0.02667094	
