#15	#51	#53	#60
SoilW	SoilW	SoilW	SoilW
(%)	(%)	(%)	(%)
32.72065281	18.24642361	21.48949074	18.68243056
32.72366274	18.21442708	21.49145833	18.80388889
32.6709004	18.14119792	21.45696759	19.05731481
32.44402235	17.9865625	21.30865741	18.77085648
32.29671273	17.85838542	21.21236111	18.3550463
32.38970192	17.75883681	21.27314815	18.08956019
32.65436348	17.77574653	21.44615741	18.19569444
32.70648842	17.98305556	21.48023148	18.63011574
32.67341458	18.16385417	21.45861111	18.67034722
32.57958196	18.26292763	21.39727273	18.52201389
34.33086023	19.30275853	22.54208333	18.44208333
33.54349741	18.71648817	22.02738426	18.92599068
33.00907512	18.31855734	21.67803241	19.89270833
32.72879733	18.10986249	21.49481481	18.86006944
32.54072969	17.96982733	21.371875	18.48055556
32.40917796	17.87187391	21.28587963	18.31770833
32.2517408	17.7546462	21.18296296	18.14731481
32.14281667	17.67354129	21.11175926	18.10724537
32.12195961	17.65801113	21.098125	18.10423611
32.06817036	17.61795965	21.06296296	18.29127315
33.19248188	18.65168403	21.79792541	20.41
32.89090873	18.53472222	21.60078704	19.19641204
32.65156601	18.39215278	21.4443287	18.76189815
32.44430563	18.25270833	21.30884259	18.46895833
32.26700293	18.13090278	21.19293981	18.40694444
32.11370886	18.01782986	21.09273148	18.17018519
32.01576213	17.90541667	21.0287037	17.93409722
32.35567199	17.84470486	21.25090278	17.87050926
32.57851319	17.79053819	21.39657407	17.8806713
32.59168607	17.74760417	21.40518519	17.9199537
34.15490314	18.3209375	22.42706019	18.10872685
34.74029762	18.82461806	22.17990741	18.89738426
34.73717593	18.51994792	21.726875	20.39844907
34.73803241	18.32496528	21.4412963	19.21888889
34.77594907	18.55906205	21.2831713	18.56289352
34.68726852	18.52920331	21.19724537	18.21108796
34.79351981	18.56497812	21.13960648	17.98284722
34.78972222	18.56369947	21.26013889	17.94516204
34.7769213	17.66054167	21.6375	18.13114219
34.80240741	17.71026042	21.94969907	18.74203704
34.74625	17.74729167	21.83502315	19.80296296
34.7124537	17.70741319	21.58965278	19.37657407
34.75488426	17.61479021	21.385	18.64324074
34.76152778	17.56976277	21.28481481	18.11384259
34.79988426	17.53005208	21.70886574	17.97710648
34.84944444	17.88138889	23.15321759	18.02335648
34.89506944	18.87595486	22.92185185	19.4250463
34.93393519	18.54033654	22.09824074	21.38627315
34.9419213	18.95212766	22.21229167	19.93481481
34.93819444	19.06939236	22.92011574	19.70259259
34.98671296	18.61447674	22.10608796	19.94569444
34.99472222	18.44484375	21.76159722	20.18858796
35.00430556	18.36102431	21.60048611	19.04680556
35.01956019	18.38177083	21.49416667	18.64050926
35.05159722	18.39541667	21.40085648	18.4224537
35.10900463	18.61355903	21.34333333	18.28310185
35.15824074	19.20666667	21.50381944	18.14071759
35.18351852	18.95805556	21.51060185	18.22291667
35.07483796	18.69265625	21.43414352	18.57416667
35.07833333	18.53183566	21.368125	18.46928241
35.07347222	19.03764019	22.34085648	18.28543981
35.08717593	18.90416667	22.33810945	18.554375
35.09782407	18.71439236	22.04930556	20.16837963
35.15428241	18.56026042	21.88696677	19.22708333
35.0812037	18.7159375	21.89434634	18.75321759
35.08210648	18.83036458	21.81102587	18.78393519
35.03509259	18.61647569	21.67168649	19.51148148
34.95805556	18.46980903	21.59518784	18.99738426
35.07722611	18.39090278	21.50020396	18.65081019
35.06710648	18.52144097	21.7035788	18.46675926
35.04069444	18.64449653	21.64562918	18.50613426
34.93118056	18.52244792	21.55450726	19.37293981
34.95076389	18.40135417	21.48977873	18.89465278
34.95268519	18.32383681	21.4630278	18.58543981
35.05247685	18.30397569	21.45892327	18.41289352
34.92935185	18.26440972	21.44033333	18.38685185
34.92270833	18.31256944	21.89645833	18.33900463
34.92886574	18.64873264	22.28930556	18.24118863
34.96469907	18.69144097	22.07743056	19.5362037
35.03861111	18.58012153	21.87979167	19.33678241
35.02847222	18.48381944	21.73178241	18.88645833
35.04085648	18.41921875	21.64766204	18.60486111
35.07518519	18.3525	21.56895833	18.43928241
35.15615741	18.33791667	21.69400463	18.33166667
35.1941958	18.58444444	22.40469907	18.27601852
35.25594907	18.70973958	22.23423611	19.46800926
35.15530093	18.69578125	22.09881944	19.55548611
35.13636574	18.61475694	21.92657407	19.22863426
35.08456019	18.51390625	21.78298611	18.91388889
35.17895833	18.46883117	21.67805556	18.65731481
35.25233796	18.9825974	21.61011574	18.47543981
35.28780093	19.18065634	21.57571096	18.24972222
35.38303241	19.49636364	22.65962963	19.90678241
35.36287037	19.37871528	22.74506944	19.83974537
35.27585648	19.01295139	22.25185185	19.21175926
35.25527778	18.82699653	22.03847222	18.90944444
35.28881944	18.70375	21.90851852	18.7025463
35.33337963	18.60052083	21.79386574	18.50930556
35.31268519	19.15588235	22.21143519	19.2562963
35.27918981	19.44732639	22.82449074	19.89652778
35.28148148	19.52692708	23.18872685	20.67546296
35.2881713	19.30355903	22.51930556	19.53141204
35.25108796	18.99784722	22.1287037	19.02916667
35.1012037	18.78933566	21.9420979	18.70202797
35.14226852	18.6763253	21.86083333	18.53949074
35.20127315	18.65600649	21.97166667	18.88150463
35.2612963	19.19659722	22.93743056	20.03085648
35.26796296	19.09326389	22.5306713	19.22685185
35.19479167	18.90958333	22.28768519	18.90550926
35.2194213	18.76329861	22.11907407	18.67928241
35.27703704	18.66567708	22.02837963	18.59548611
35.28138889	18.70659722	22.43719907	19.55488426
35.22150463	18.84208333	22.69224537	19.49115741
35.19868056	18.84118056	22.40719907	19.035625
35.2480787	19.30177083	23.31335648	20.52775463
35.81094771	19.26605903	22.7073913	19.44006944
36.86766234	19.00443841	22.3555787	19.043125
36.87541667	18.85246528	22.18006944	18.88206019
36.90423611	18.923125	22.71458333	19.90863426
36.85930556	19.20006944	22.82685185	19.54168981
36.85305556	19.15944444	22.75789352	19.63291667
36.838125	19.15611111	22.59643519	19.35018519
36.79125	19.10064236	22.70645833	19.55310541
36.813125	19.24319444	22.85555556	19.71666667
36.79402778	19.17700495	22.71256944	19.49372549
36.82263889	18.9664899	22.37291667	19.33111111
36.85819444	18.86539063	22.12104167	19.31833333
36.88284722	18.65125087	21.91599537	19.0812037
36.92861111	18.52454545	21.72974537	18.77930556
36.98763889	18.43711111	21.55909722	18.41173611
36.90402778	18.33357639	21.36300926	17.73636574
36.370625	18.19643357	21.14555556	17.41638889
33.35729167	18.04810764	20.89673611	17.15011574
32.35666667	17.92696181	20.7080787	16.98356481
31.95444444	17.8153125	20.488125	16.85627315
31.230625	17.65307292	20.18030093	16.58680556
30.924375	17.48699653	19.88564815	16.59611111
32.22097222	17.82810764	20.28671296	18.03689815
32.164375	18.20953125	21.30733796	19.33956019
31.59506944	18.12979167	21.38171296	18.90553241
31.06541667	18.00923611	21.04041667	18.38256944
30.44263889	17.80255208	20.63352778	17.714375
27.13566319	17.54230903	19.92820059	17.09731481
28.28807292	17.30807292	19.47409722	16.82159722
30.10659722	17.56751736	19.35071759	17.43275463
29.40805556	17.36079861	19.14247685	16.9918287
27.16358333	17.07055556	18.84231481	16.48949074
28.85034722	16.86300347	18.68746269	16.19180556
28.69368056	16.64545139	18.58342183	15.88865741
28.59854167	16.28282986	19.40509542	15.72918981
30.30576389	16.32269097	19.99579431	16.93055556
29.92701389	16.29729167	19.86474681	16.62958333
29.55576389	16.19694056	19.73629431	16.29787879
29.16377358	15.99894097	19.60066566	15.94909722
22.67850672	15.74982639	17.35676332	15.59252315
22.03641565	15.62185764	17.13459981	15.99638889
21.65714329	15.54626866	17.00337158	15.87814815
21.03116115	15.42151042	16.78678176	15.61810185
20.10901001	15.23772569	16.46771746	15.29793981
19.99475758	15.06295139	16.42818612	14.97377315
29.18458333	15.01151042	17.19902954	15.49548611
30.46076389	15.15133681	17.29459524	16.0550463
29.15117014	15.14286458	17.32027778	15.79185185
28.17995833	15.08352431	17.25837963	15.47643519
28.91958333	14.98236111	17.14946759	15.12585648
23.52993056	14.82986111	16.96393519	14.75706019
22.51570139	14.64484375	16.74037037	14.36923611
24.77709722	14.56026042	16.6419213	14.139375
29.40618056	14.59345486	18.08944444	15.35921296
26.18470486	14.75190972	18.39039627	16.27638889
24.98034375	14.82083916	17.9887963	16.06868106
21.72370833	14.8040625	17.60486111	15.74668981
15.94826042	14.74855903	17.64497685	15.43273148
16.63307292	14.69114583	17.32439815	15.26902778
22.31065625	14.53921875	16.87803241	14.84689815
20.52666319	14.44282468	16.5050463	14.39298368
15.43073958	14.22195122	16.22671296	13.95240741
18.59418403	14.14454861	16.05939815	13.61949074
20.87679514	13.95272569	15.79034946	13.09122685
20.41359375	13.75036458	15.35703629	12.56944444
15.57421181	13.53817708	14.96418215	12.10131944
15.84499653	13.36409722	14.63065533	11.70388889
15.85029167	13.21805556	14.3334359	11.34972222
15.61855903	13.0415625	14.07881793	11.04631944
15.62349306	12.93364583	16.1862963	11.001875
15.62918403	12.85628472	15.73222222	10.9887037
14.95897917	12.85461806	15.37212121	11.65643519
23.265375	13.09868056	16.50761574	12.75803241
26.37489583	13.39880208	16.73652778	14.01659722
26.78802083	13.26791667	16.00342593	13.95108796
28.15395833	13.20076923	15.61800926	13.68050926
27.88927083	13.05893411	15.19763889	13.15361111
23.56993056	12.91027778	14.82013889	12.55645833
23.81797203	12.97961806	14.54576389	12.10925926
23.10576389	13.12774306	14.51840278	12.16694444
24.47767361	12.81743056	14.42659722	11.76712963
22.67409722	12.59225694	14.269375	11.32377315
25.44319444	12.39920139	14.08414352	10.87145833
26.74909722	12.20734375	13.90543981	10.63
21.68506944	12.05598958	13.77634033	10.78437914
25.37881356	12.45381944	13.77893519	10.78690394
31.3340566	12.21650709	13.77561772	10.37622642
23.31246528	11.97415179	13.64523148	10.17891204
27.09444444	11.76815972	13.52527778	9.943449074
26.32871528	11.61578671	13.40064815	9.766736111
22.47072917	11.4584375	13.29393519	9.601875
26.77045139	11.32513889	13.1918287	9.481759259
26.609375	11.214375	13.20675926	9.426550926
20.32395833	11.35159722	14.04303241	10.36106481
26.02225694	11.31661458	13.51243056	10.01918981
26.92829861	11.18654514	13.22805556	9.641365741
25.79223776	11.06060764	13.09493056	9.401550926
25.92663194	10.94659896	13.0094213	9.249027778
26.13916667	10.83175174	12.93525463	9.13969213
25.81375	10.72803125	12.85409722	9.017949074
25.27409722	10.61997396	12.76747685	8.929166667
25.62225694	10.54652083	12.72680556	8.940569444
27.65454861	10.46975347	12.68159722	8.951972222
27.29958333	10.41269618	12.62268519	8.899444444
24.35322917	10.37897569	12.59613426	8.944814815
26.45708333	10.33470486	12.56101852	8.896641204
27.29131944	10.27062674	12.48988345	8.779240741
21.61072917	10.35588715	16.5343287	10.25361806
19.60798611	10.66097569	18.60275463	13.47189815
23.68715278	10.71922222	17.29201389	13.44405093
26.3303125	10.77834549	16.31541667	13.18534722
27.20239583	10.81663368	15.56831019	12.75180556
27.160625	10.79433333	14.91872685	12.2287037
27.69100694	10.75665799	14.38180556	11.69506944
27.61440972	10.69296701	13.95895833	11.16488426
23.26027778	10.61393229	13.62599537	10.66433566
21.17944444	10.590875	13.47032407	10.30712963
21.07836806	10.55323264	13.41152778	10.07638889
20.9228125	10.47814236	13.26516204	9.764143519
22.79302083	13.72994792	18.17439815	12.43282407
22.96951389	13.8265625	18.27844907	14.64041667
22.59770833	13.50493056	17.38733796	14.52108796
24.12361111	13.97265625	18.86893519	17.42881944
26.62038194	14.87633681	20.10106481	19.20282407
26.14494318	14.86123264	19.91898148	18.58600939
26.11514841	14.77510417	19.72289352	18.03893519
25.85421022	14.66779514	19.45868056	17.51189815
25.53806214	14.52366319	19.13856481	17.03006944
25.15431337	14.36137153	18.75	16.5775
24.82963804	14.19661458	18.42125	16.12201389
24.59741357	14.06685764	18.18611111	15.71710648
24.41744989	13.95374126	18.00388889	15.33368056
24.25812991	13.84649306	17.84256944	15.13652778
24.08581197	13.75282986	17.68296296	15.06030093
23.93997685	13.61414931	17.46574074	14.80555556
23.66196759	13.46227431	17.23444444	14.544375
23.46655093	13.34364583	17.05833333	14.32148148
24.40699074	13.72529514	18.12136574	15.10217593
25.40189815	14.03446181	20.49496503	19.18043981
30.95205128	14.16050347	20.88675926	19.2518287
33.78796296	14.30366319	20.92405093	18.61717593
32.87930556	14.46690972	21.16386574	18.83861111
31.68180556	14.59595486	21.31886574	18.95275463
30.87729167	14.63972222	21.08842593	18.47358796
30.72740741	14.68032986	20.9819213	18.37240741
30.69916667	14.71094406	20.953125	18.40402778
30.51173611	14.69887153	20.80111111	18.1356713
30.35196759	14.66008741	20.61128205	17.85190141
30.24631944	14.6277972	20.47027778	17.62050926
30.24231481	14.59717014	20.38208333	17.58645833
30.19300926	14.54022569	20.28453704	17.46497685
30.07289352	14.4425	20.13430556	17.25585648
29.96303241	14.34527778	19.99967593	17.04844907
29.88030093	14.27989583	19.89787037	16.87071759
29.81344907	14.19821181	19.80354167	16.72212963
29.7719213	14.12010417	19.726875	16.58243056
29.72449074	14.07085069	19.68053241	16.4387037
29.5930787	14.01559028	19.58347222	16.21476852
29.40333333	13.92104167	19.45377315	15.94902778
29.21766204	13.82482639	19.31743056	15.75372685
29.0562037	13.74660211	19.19696759	15.59761574
28.9531713	13.69263889	19.11601852	15.50935185
28.85384259	13.63423611	19.03819444	15.4193287
28.73717593	13.59390625	18.96326389	15.30935185
28.66365741	13.55180556	18.90365741	15.22349537
30.14141204	14.29335069	20.24310185	17.97881944
32.94708333	14.13534965	21.30544304	18.93865741
33.01326389	14.09458333	21.56490101	18.51108796
32.94043981	14.14942708	21.82435897	18.23423611
32.52287037	14.2325	21.76801865	18.21909722
31.83921296	14.27432292	21.91289352	18.63810185
31.09891204	14.32831597	21.87638889	18.43277778
30.75356481	14.38774306	21.83923611	18.28956019
30.64909722	14.46144828	21.79614035	18.17354167
30.56363426	14.51866319	21.73713994	18.0399537
30.52972222	14.56786458	21.67813953	17.93513889
30.52275463	14.63220486	21.64770833	17.89488426
30.51912037	14.68986111	21.61689815	17.85974537
30.51493056	14.74545139	21.59956019	17.82601852
30.50895833	14.79105903	21.59763889	17.86835648
30.49016204	14.81454861	21.57532407	17.87226852
30.40030093	14.83065972	21.49293981	17.73604167
30.24592593	14.83723958	21.41143519	17.60569444
30.18222222	14.83376736	21.34650463	17.51074074
30.90180556	14.85963542	21.89819444	18.8080787
32.37474537	15.03902778	22.37550617	19.10699074
33.109375	15.19388889	22.58967366	19.27819444
33.24222222	15.42498264	22.68930556	19.15881944
33.3175	15.58110915	22.48981982	18.70300926
33.31782407	15.64111111	21.9818548	18.41990741
33.28229167	15.68654514	21.77760328	18.15546296
33.06113426	15.75190972	21.69525187	18.04884259
32.50912037	15.82052083	21.61674448	17.94719907
31.59381944	15.86270833	21.54531723	17.85472222
30.93571759	15.91013889	21.69610256	17.80456019
30.54409722	15.95673611	21.65032407	17.69710648
30.53717593	15.99848958	21.64803241	18.10886574
31.18328704	16.07814236	21.90907407	19.09206019
30.90847222	16.19192708	22.17898148	19.45458333
31.8399537	16.3378125	22.46491726	19.13805556
32.83215278	16.52722222	22.42414352	18.81162037
32.85576389	16.79456597	22.38722222	18.9150463
32.97011574	17.58635417	22.77847222	19.45231481
33.18050926	17.8125	22.37296296	18.77895833
33.24527778	17.72449653	22.14173611	18.46365741
33.28775463	17.64956597	22.00168981	18.3119213
33.3318287	17.59329861	21.884375	18.1224537
33.2637037	17.51831597	21.75115741	17.82692308
33.25009259	17.43920139	21.65898148	17.68930556
33.03983796	17.35519097	21.56916667	17.54428241
32.8505787	17.27815972	21.49861111	17.52076389
33.15354167	17.39307292	22.06662037	19.06270833
33.32949074	17.82319444	22.79261574	19.81159722
33.43196759	18.45604167	23.0049537	19.87386574
33.55775463	18.11206597	22.37393519	18.91166667
33.62037037	17.88552083	22.13784722	18.54303241
33.69398148	17.74229167	22.01305361	18.48134259
33.78481481	17.71748264	21.98456019	18.58275463
33.79951389	17.69414557	22.45825175	19.15726852
33.90930556	17.88774038	22.74877315	19.40865741
33.92712963	18.06362847	23.25122685	20.05810185
33.96740741	18.22109375	22.83270833	19.41002315
33.96467593	18.0068007	22.36145833	18.80268519
33.99295833	17.81328671	22.12097222	18.31886574
33.99295833	17.64895833	21.881875	17.86405093
33.88612395	17.60633681	22.59766204	19.53173611
34.62776	18.36295139	22.97645833	19.80324074
34.72149149	18.05956597	22.50490741	19.01006944
35.35685508	17.98717014	22.72944444	19.84865741
35.27885413	18.18967014	22.68615741	19.57462963
35.17796342	18.24217014	22.52634259	19.1975463
35.02828139	18.11078125	22.31326389	18.81074074
34.76038828	17.98149306	22.12428241	18.54055556
34.18826283	17.85394097	21.97175926	18.19576389
33.63069282	17.70045139	21.85402778	18.01606481
33.34824426	17.57626736	21.75891204	17.94571759
33.21887467	17.46458333	21.67356481	17.775
33.14230557	17.36720486	21.61291667	17.86118056
33.11147648	17.32767361	21.59280093	17.77655093
33.28209306	17.34130208	22.15474537	19.4737963
33.90752261	17.61868056	22.65775463	19.32555556
33.68909231	17.68107639	22.32789352	18.62361111
33.47635976	17.59550347	22.07006944	18.2550463
33.34846151	17.50418403	21.91837963	18.12337963
33.27647431	17.43744792	21.81589744	18.04618391
33.21012561	17.37512153	21.7230787	17.96203704
33.13796066	17.29508681	21.61037037	17.84388889
33.05423233	17.20828125	21.53162037	17.7256713
32.9594245	17.11737847	21.44474537	17.58384259
32.80197101	17.00769097	21.36761574	17.39532407
36.40344444	16.87744792	21.29354167	17.27194444
36.81037634	16.81180556	21.21576389	17.25523148
36.30310484	16.77046875	21.18518519	17.23997685
35.79583333	16.71862847	21.14337963	17.20217593
35.17452381	16.65378788	21.10912037	17.19386946
34.63710027	16.58538462	21.07379953	17.26564815
34.62479167	16.55619792	21.10784722	17.84655093
32.52666667	16.52828125	21.24372685	17.81865741
32.29875706	16.37473958	21.18284722	17.44351852
32.26555556	16.24651042	21.11118056	17.20020833
32.12949275	16.16555556	21.04925926	17.04953704
32.35206897	16.09972222	21.000625	17.02726852
32.26044444	16.05729167	20.9662963	17.04810185
32.70932058	16.03159722	20.93553241	17.02680556
33.15819672	15.96015625	21.27025463	17.02108796
33.5120073	15.99265625	22.25451389	17.25430556
33.75900344	16.15355903	22.08608796	17.48833333
33.16170264	16.31993056	21.99233796	17.5855787
32.20847418	16.38886364	21.9107173	17.45460648
31.1200463	16.34853896	21.71625	17.23601852
31.16522782	16.30821429	21.58460094	17.21782407
33.23032581	17.90283217	22.53490741	20.54363426
33.93819444	18.09498264	22.63564815	19.37335648
33.9812963	18.0525	22.45127315	19.37490741
34.194375	18.31179078	22.51858796	19.73967593
34.34435523	18.36826923	22.86659674	19.75230769
34.45858796	18.07954861	22.55166667	19.08796296
34.5029602	17.94342014	22.31849537	18.79018519
34.47847418	17.88668403	22.195	18.61678241
34.42847222	17.85998264	22.08409722	18.44349537
34.43331019	17.82291667	21.95965278	18.23020833
34.39	17.79746528	21.86314815	18.12678241
34.43969907	17.76494792	21.9919213	18.85361111
34.49960648	17.81541667	22.12016204	18.79981481
34.51152778	17.75439236	21.97761574	18.36636574
34.60583333	17.66621528	21.88622685	18.34583333
34.64203704	17.61183099	21.83303241	18.16900463
34.59120567	17.51444444	21.72706019	17.94699074
34.60002315	17.39151042	21.6362963	17.7944213
34.62097902	17.28105903	21.59300926	17.93893519
34.61939815	17.59293706	21.74918981	18.543125
34.65763889	18.38947619	22.0831713	19.25224537
34.6718287	18.17713542	22.09157407	18.88108796
34.67101852	18.05159722	22.018125	18.56893519
34.66444444	17.93463542	21.90243056	18.20310185
34.66488426	17.82230903	21.7837037	17.97233796
34.67377315	17.70215278	21.70287037	17.88564815
34.76548611	17.60059028	21.68081019	18.03337963
34.86030093	17.87536458	21.71354167	18.12668981
34.89310945	18.82303819	21.79323671	18.56297101
35.09164352	19.22277778	22.55805556	19.85006944
35.20141204	18.7271875	22.50099537	19.10155093
35.25375	18.55914931	22.31199074	18.85425926
35.31539352	18.5021875	22.17747685	18.66587963
35.33287037	18.36302083	22.04481481	18.44766204
35.37821759	18.26703125	21.94965278	18.3099537
35.48212963	18.23104167	21.88858796	18.24597222
35.58655093	18.30677083	21.86363426	18.35972222
35.67835648	18.70611111	22.3399537	19.39462963
35.78659722	18.50824653	22.35363426	19.10097222
35.88256944	18.36142361	22.2793287	18.90166667
36.21586806	18.2470471	22.15398601	18.66025463
36.38939815	18.12239583	22.02039352	18.40655093
35.55351852	18.03977431	21.92710648	18.2743287
35.59722222	17.97944444	21.85020833	18.16604167
35.5787963	17.91447917	21.76944444	18.03201389
35.56122685	17.85241319	21.71587963	17.93689815
35.59685185	17.91255208	21.84986111	18.49789352
35.61606481	18.40895833	22.41738426	19.48712963
35.66780093	18.57227431	22.58108796	19.46275463
35.70983796	18.60779514	22.68148148	19.581875
35.71636574	18.70387153	22.79106481	19.51020833
35.73819444	18.50390625	22.54828704	19.10328704
35.7575	18.42190972	22.52296296	19.34111111
35.77921296	18.56963542	22.73171296	19.54708333
35.78939815	18.93199301	23.08974537	20.35725352
35.76930556	18.83286458	22.94766204	19.69356481
35.76074074	18.52548611	22.56606481	19.2112963
35.7575463	18.4809375	22.49826389	19.42585648
35.71594907	18.51427083	22.51886574	19.38946759
35.70331019	18.38005245	22.36421296	19.03717593
35.89094907	18.70994792	22.76447552	19.4862963
35.89615741	18.58230903	22.56423611	19.30828704
35.92881944	18.48522569	22.43493056	19.146875
36.02349537	18.39302083	22.34358796	19.05321759
36.11481221	18.32835069	22.2818287	18.99793981
36.20511574	18.28255208	22.24319444	18.91173611
36.29740741	18.24446181	22.19490741	18.83780093
36.40916667	18.20484375	22.16418981	18.80939815
36.40706019	18.14001736	22.10712963	18.6087037
36.36849537	18.09404514	22.05821759	18.63428241
36.28526807	18.22282986	22.50356481	19.59997685
36.08184149	18.25589789	22.56074592	19.56048611
36.15916667	18.48472222	23.03354167	20.26229167
36.29962963	18.98946181	23.20837963	20.09381944
36.28041667	19.10052083	23.31976852	20.29611111
36.25391204	19.23967014	23.42407407	20.2675
36.26678241	18.86291667	22.88868056	19.65877315
36.28263889	18.71081597	22.75275463	19.58675926
36.300625	18.57550347	22.5844213	19.35462963
36.30666667	18.43902778	22.39863426	19.07412037
36.30143519	18.32390625	22.25046296	18.86652778
36.31826389	18.21177083	22.10428241	18.74612676
36.36740741	18.2678125	22.33134259	19.68738426
36.41729167	18.57166667	22.92506944	19.96405093
36.49738426	18.74741319	22.96458333	19.99949074
36.51384259	19.196875	23.41256944	20.26895833
36.46877315	18.83697917	22.86358796	19.53581019
36.43196759	18.58166667	22.54606481	19.16990741
36.47150463	18.37145833	22.30081019	18.91395833
36.54534722	18.16826389	22.0725	18.66826389
36.56875	17.97241319	21.85273148	18.40493056
36.36983796	17.79916667	21.67622685	18.14460648
35.36055556	17.62572917	21.51928241	18.00324074
34.55884259	17.51149306	21.38547786	17.99625
33.47071759	17.37993056	21.28256944	17.85212963
33.42460648	17.41763889	21.41907407	18.06766204
33.27037037	17.41769097	21.59560185	18.37784722
34.28041667	17.99376736	23.06613426	20.02300926
33.6543287	18.04538194	22.88622685	19.1305787
33.22412371	17.91805556	22.51784722	18.6393287
32.65868421	17.70095486	22.19726852	18.2387963
32.34023474	17.54996528	22.00337963	18.04675926
32.83717593	17.63786458	22.39884259	18.91342593
33.30787037	18.14419014	23.20833333	19.77273148
33.69745921	18.45378	23.23171296	19.73789352
34.69513889	18.64967391	23.12520833	19.47087963
34.73236111	18.43310764	22.71782407	18.89097222
34.28416667	18.11975694	22.550625	18.80157407
34.75333333	18.71385417	23.55497685	20.179375
34.91893519	18.77855903	23.0637037	19.28155093
34.94328704	18.61185764	22.88016204	19.11516204
34.98638298	18.95940972	23.47731481	20.11158508
35.02928241	18.92453125	23.18898148	19.50541667
35.01606481	18.55430556	22.73467593	18.90775463
34.71625	18.13894097	22.32013889	18.39076389
33.79076389	17.80119792	22.04101852	17.99337963
33.76145833	17.82973958	22.30261574	18.49372685
34.55613426	18.80194444	23.46724537	20.05916667
34.97449074	18.85892361	23.12090278	19.31715278
35.0462963	19.49178819	23.82453704	20.50731481
35.08081019	19.39987847	23.58375	20.13863426
35.12733796	19.0240625	23.06414352	19.35918981
35.10594907	18.64678819	22.59081019	18.72594907
35.15634259	18.26038194	22.15199074	18.16530093
35.19053613	17.83871528	21.70108796	17.6374537
35.00439815	17.468125	21.33097222	17.24509259
33.95851852	17.10239583	21.00388889	16.85821759
33.21655093	16.79498264	20.74393519	16.54166667
33.0325463	16.61215278	20.60715278	16.64148148
33.09013889	16.38378472	20.53569444	17.13018519
33.17564815	16.41569444	21.20273148	17.60893519
33.23094907	16.64824653	22.05509259	18.4750463
33.00412037	16.70339161	22.29490741	18.79928241
32.66738426	16.55939236	21.99344907	18.53134259
32.23064815	16.30486111	21.55236111	18.0287037
31.85393519	16.03435764	21.09368056	17.47997685
31.448125	15.72213542	20.57263889	16.93967593
31.10261574	15.42447917	20.09986111	16.41277778
30.76784722	15.16951389	19.71048611	15.98738426
30.57752315	14.93215278	19.34231481	15.59840278
30.87694444	14.90739583	19.37240741	15.87229167
32.10136574	15.50986111	20.3112037	17.1275463
31.84634259	15.31269231	19.75425926	16.52174312
31.61342593	15.08322917	19.18803241	17.5148615
31.36344907	14.83835069	18.73541667	17.06939708
31.12	14.59522569	18.32641204	14.60818627
31.01252315	14.54368056	18.06902778	14.5694213
32.39511574	14.80689236	18.18127315	15.85270833
32.11583333	14.60413194	18.21363426	15.49740741
31.91215278	14.4521875	18.08446759	15.19713262
31.80513889	14.30989583	17.94125	15.014884
31.70576389	14.20161458	17.80321759	14.90136615
32.2744213	14.26869792	18.32946759	15.33415415
32.78601852	14.48095486	19.55159722	16.33923356
34.79856481	14.52451389	19.49969907	16.29655252
35.7437963	14.57050347	19.84719907	16.58233652
34.78590278	14.57284722	19.61293981	16.3896817
32.39832192	14.47852431	19.24321759	16.08562215
32.148921	14.45826389	19.14548611	16.00524778
34.22512731	14.5240625	19.76768519	16.5169443
33.34094907	14.70920139	20.55798611	17.16688778
32.94358974	14.91038194	21.29869464	17.77604647
32.67219907	14.94798611	20.87430556	17.42702889
32.46013889	14.91652778	20.48412037	17.10614059
32.27224537	14.78378472	19.91233796	16.63590674
32.66261574	14.6503125	19.45136574	16.25680319
32.51123843	14.49420139	19.02326389	15.90473222
32.27222222	14.33434028	18.62740741	15.57917985
31.96170139	14.16902778	18.27268519	15.2874563
31.75913194	14.08998252	18.06652582	15.11791084
31.47298611	13.96935764	17.88375	14.967596
31.11743056	13.86633681	17.70275463	14.81874541
31.09565972	13.82616319	17.76687646	14.8714792
32.33829861	14.00543403	18.93703963	15.83382139
31.90309028	13.96605903	18.65827506	15.60456541
31.51892361	13.89847222	18.30962963	15.31783941
30.98148551	13.79202465	17.9791784	15.04607632
30.38295139	13.64723776	17.64710648	14.77298037
30.061875	13.53854167	17.39344907	14.56437252
29.78583333	13.49229167	17.32597222	14.50887956
29.19309028	13.39699653	17.19717593	14.40295748
28.83989583	13.32654514	17.22347222	14.42458356
28.59600694	13.28612847	17.15949074	14.37196519
28.28256944	13.16513889	16.85513889	13.94136253
27.93320611	13.00583333	16.50626761	13.60141414
26.30358685	12.84309028	16.17490741	13.56224385
24.79835338	12.64635417	15.84967593	13.29477348
24.53901643	12.51067708	15.61132867	13.0987567
27.10219697	12.47359375	15.53809524	13.03852952
30.06131713	12.77067708	16.67594907	13.97430052
26.59839352	12.91472222	16.92433584	14.17857379
25.71568287	12.89991319	16.83016317	14.10112619
25.97347585	12.85832143	16.66839243	13.96808594
26.72284722	12.77310764	16.44907407	13.78771852
26.19881944	12.67677083	16.21527778	13.59544444
25.96178571	12.55633681	15.93569444	13.36551511
25.21430556	12.43112847	15.64358796	13.12528674
25.06145833	12.30097222	15.3675	12.898232
25.19868056	12.23291667	15.19085648	12.75296037
25.05777778	12.18539931	15.11287037	12.68882459
24.94625	12.10590278	14.98805556	12.58617689
24.66743056	11.96901042	14.79372685	12.42636096
24.30631944	12.24357639	14.62770833	12.28982733
24.45444444	12.69366319	14.80053241	12.43195785
24.55	12.5965625	14.99449074	12.59146919
24.54743056	12.52352431	15.11456019	12.6902143
24.47270833	12.46822917	15.15863426	12.72646081
24.32236111	12.38086806	15.11421296	12.68992874
24.19458333	12.30088542	15.00530093	12.60035948
24.10270833	12.20364583	14.92391204	12.53342526
24.09763889	12.03902778	14.73914352	12.38147163
23.76583333	11.87154514	14.55486111	11.7354321
23.20659722	11.73347222	14.42810185	11.52798611
23.22888889	11.65256944	14.37050926	11.23553241
23.49152778	11.60901042	14.43090278	11.18344907
24.04472222	11.61005208	14.64884259	11.27793981
27.30472222	11.56190972	14.44986111	10.96268519
27.36753472	11.50277778	14.2875463	12.36418981
27.264375	11.591875	14.59935185	18.48865741
27.61951389	11.72619792	15.41953704	19.29851852
26.9215625	11.89477431	15.82071759	18.56717593
26.43454861	12.07135417	15.84048611	17.95337963
26.29333333	12.22112847	15.87914352	17.41759259
26.38371528	12.34789931	15.93020833	17.09925926
26.64201389	12.46098958	16.22831019	18.25259259
26.58930556	12.57088542	16.34212963	18.11219907
26.53	12.6303125	16.39694444	17.78003584
26.90982639	12.64282986	16.44826389	16.35648838
27.02621528	12.66335069	16.51914352	16.52584585
26.97	12.66993056	16.58506944	16.444047
27.07868056	12.68555556	16.88789352	17.22588652
28.08392361	12.8290625	18.03293981	19.1305787
28.56614583	12.88546875	17.93599537	18.40560185
28.12850694	12.89342014	17.96958333	17.95699074
28.08020833	12.89810764	18.01347222	17.65643519
27.994375	12.9028125	18.02949074	17.38884259
28.62017361	12.91472222	18.51840278	18.57914352
31.66635417	13.03368056	20.66166667	19.78340278
34.565	13.15151042	21.49303241	19.53784722
34.73840278	13.28958333	22.41689815	19.15099537
34.45614583	13.42692708	22.14805556	18.53108796
34.13201389	13.5203125	21.97726852	18.25564815
34.05239583	13.62911458	21.86224537	18.08664352
32.86211806	13.73102431	21.78340278	17.96486111
31.92552083	13.83100694	21.83331019	18.31277778
33.03954861	16.19065972	23.576875	20.84796296
33.25638889	18.09189236	22.6194213	19.06833333
33.79965278	17.97338542	22.30222222	18.58162037
33.93618056	17.89206597	22.1269213	18.32053241
33.96774306	18.03163194	22.81513889	19.74185185
29.04983796	18.29588542	22.69587963	19.0512037
26.06988426	18.21895833	22.41342593	18.68511574
30.70101852	18.12949653	22.25689815	18.51466667
34.43180556	18.05527778	22.13849537	18.44921375
34.59163194	17.98520833	22.00659722	18.23968035
34.46138889	17.90550347	21.90622685	18.08023198
34.4625	17.83878472	21.80993056	17.92725568
34.51743056	17.7703125	21.71039352	17.62647059
34.61621528	17.71465278	21.63766204	17.574375
34.72833333	17.66388889	21.56282407	17.47736111
34.46413194	17.60309028	21.53273148	17.42243056
34.08489583	17.58675347	21.51532407	17.4174537
33.80319444	17.56105903	21.50166667	17.39787037
33.29232639	17.54350694	21.483125	17.37222222
32.85111111	17.51590278	21.445	17.29446759
32.56989583	17.46975694	21.41354167	17.24400463
32.26510417	17.46473958	21.4218287	17.26152778
31.99774306	17.44711806	21.41006944	17.23037037
31.76395833	17.43383681	21.41011574	17.19358796
31.44677083	17.39538194	21.38131944	17.14981481
31.62878472	17.37098958	21.33583333	17.03115741
32.03670139	17.37883681	21.43840278	17.68537037
32.49378472	17.5571875	22.18159722	18.979375
32.27583333	17.61503472	22.21032407	18.65337963
32.19913194	17.61973958	22.14166667	18.37402778
32.39753472	17.61838542	22.06108796	18.17643519
33.85416667	17.67085069	22.30988426	18.84574074
33.91798611	17.76102431	22.42229167	18.83532407
33.91486111	17.84456597	22.37516204	18.6924537
34.02329861	18.06909722	22.74398148	19.26664352
34.20809028	18.19529514	22.53224537	18.68701389
34.13006944	18.14284722	22.31391204	18.38564815
33.76229167	18.08376736	22.19377315	18.26694444
34.27072917	18.03189236	22.09493056	18.10916667
33.85461806	17.98241319	22.04886574	18.24967593
33.80017361	18.28060764	22.95256944	19.60634259
33.95072917	18.39133681	22.58247685	18.91046154
33.99184028	18.26274306	22.29981481	18.52806496
33.920625	18.16059028	22.12803241	18.25438123
33.92836806	18.06899306	22.04532407	18.12261031
34.02336806	17.98177083	21.97458333	18.00990617
34.01125	17.99565972	22.11849537	18.23918682
34.163125	18.34815972	22.46016204	18.78353016
34.38201389	18.27892361	22.26666667	18.47525333
34.54086806	18.12590278	22.08402778	18.18427306
34.59697917	18.00565972	22.09625	18.2037455
34.65875	18.1234375	22.66490741	19.10973048
34.73420139	18.33888889	22.80898148	19.3392693
34.78291667	18.37652778	22.67081019	19.11913479
34.80770833	18.2440404	22.34618056	18.83534884
34.8278125	18.29668681	22.42328849	18.7244213
34.81298611	18.29235454	22.32472631	18.56756944
34.79930556	18.28835708	22.25063012	18.44965278
34.80559028	18.29019348	22.17993765	18.33715278
32.44140741	17.59937924	22.11763809	18.23800926
34.86002315	18.30609876	22.15363889	18.29530093
34.9065625	18.31969756	21.65531136	18.22583333
34.84350694	18.30127273	21.64104167	18.58208333
34.85232639	18.30384977	22.82256944	21.10527778
34.79434259	18.28690691	22.71280093	19.635
34.95190972	18.33294802	22.35740741	19.12439815
35.01774306	18.35218452	22.12199074	18.83835648
34.89736111	18.31700892	21.95680556	18.42965278
32.17372454	17.52116231	21.82525463	18.22256944
30.10986111	17.76522569	21.72409722	18.18377315
34.75194444	17.72756944	21.68444444	18.09951389
34.69107639	17.66107639	21.61481481	17.95071759
34.65777778	17.59836806	21.53416667	17.77988426
34.63104167	17.52690972	21.45712963	17.65893519
34.61513889	17.45447917	21.39634259	17.56967593
34.59263889	17.41817708	21.3343287	17.53259259
34.56034722	17.38291667	21.29974537	17.51291667
34.16246528	17.34470486	21.25662037	17.47898148
33.230625	17.29472222	21.20701389	17.39560185
32.93371528	17.23845486	21.171875	17.26314815
33.01065972	17.16788194	21.11576389	17.21085648
32.56309028	17.11505208	21.0725463	17.18203704
32.02652778	17.06513889	21.01719907	17.10814815
31.29253472	17.01003472	20.99108796	17.21326389
31.37736111	16.96753472	20.98821759	17.89180556
32.27083333	17.13918403	21.54104167	19.64652778
33.24354167	17.83633681	22.6512963	19.21856481
33.39017361	18.25045139	22.53863426	18.70148148
33.43069444	18.21012153	22.31400463	18.44428241
33.65079861	18.14302083	22.13523148	18.38333333
33.58503472	18.02475694	22.03641204	18.07969907
33.61420139	17.98079861	21.96388889	18.11840278
33.50670139	17.95123264	21.97578704	18.37752315
33.93791667	19.04458333	23.29541667	20.5956713
34.19336806	18.48322917	22.58803241	19.05451389
34.26934028	18.24586806	22.28511574	18.64877315
33.76378472	18.10234375	22.10400463	18.51039352
33.95510417	17.99065972	21.93398148	18.30613426
33.73538194	17.86161458	21.7987037	17.94365741
33.74569444	17.70673611	21.64946759	17.63814815
33.57079861	17.54295139	21.53104167	17.39511574
33.52149306	17.39664931	21.44645833	17.23393519
33.53548611	17.29760417	21.36831019	17.176875
34.28989583	17.25288194	21.31168981	17.24416667
35.03416667	17.21642361	21.27157407	17.49673611
35.03493056	17.20635417	21.25953704	17.57875
36.06694444	17.17857639	21.26159722	17.6731713
34.22694444	17.17258681	21.27675926	17.76770833
32.70520833	17.1609375	21.28326389	17.8362037
33.11784722	17.14642361	21.27666667	17.87384259
32.28138889	17.11310764	21.28983796	17.8880787
31.25951389	17.10534722	21.28331019	17.9199537
30.82986111	17.09618056	21.28923611	17.95884259
30.696875	17.07545139	21.28377315	17.95446759
30.59263889	17.06680556	21.28703704	17.93854167
30.51875	17.04960069	21.28168981	17.93203704
30.50048611	17.03227431	21.27907407	17.97886574
30.72631944	17.00564236	21.27622685	18.09092593
30.84145833	17.001875	21.27895833	18.53259259
30.68930556	17.01013889	21.35365741	19.12125
30.71986111	17.01574653	21.42458333	19.20576389
30.979375	16.84468692	21.59155093	19.28657407
32.83194444	17.05897569	21.76611111	19.09030093
33.72375	16.99727662	21.87384259	19.36097222
33.85965278	16.21891609	21.99851852	19.35469907
33.93923611	17.26359375	22.08421296	19.15340278
33.97194444	17.27735069	22.03208333	18.76902778
33.95965278	17.25118056	21.95777778	18.65865741
33.71486111	17.36946181	21.9312963	19.38634259
34.02291667	17.45678819	22.02638889	19.58983796
34.11465278	17.59887153	22.22793981	19.70104167
34.24194444	18.05494792	22.76627315	19.62733796
34.414375	17.94376215	23.09215278	19.56041667
34.63895833	18.37174942	22.70981481	19.52023148
34.92194444	18.30064931	22.44349537	19.07831019
35.28208333	18.3304103	22.26122685	18.71261574
35.85708333	18.53307292	22.12787037	18.54738426
36.23791667	18.38987847	22.03787037	18.3924537
36.52243056	17.98317535	21.99613426	18.30844907
37.09708333	18.29435764	22.18740741	18.81854167
36.98847222	18.99314236	23.30479167	20.52381944
36.93506944	18.98805556	23.21696759	19.84407407
36.92291667	18.59293403	22.72453704	19.21851852
36.83625	18.36984201	22.4762963	18.86967593
36.37944444	18.29977431	22.33555556	18.68145833
36.44645833	18.20434028	22.23219907	18.50766204
36.54104167	18.08430556	22.14247685	18.37400463
36.50701389	18.01516319	22.07944444	18.29918981
36.8625	17.996375	22.03976852	18.24071759
37.34381944	18.01428819	22.00337963	18.24398148
37.63444444	18.01477431	22.03201389	18.46530093
37.77923611	18.00689236	22.04731481	18.52229167
37.92840278	17.99230903	22.1019213	18.53849537
37.98118056	18.34253472	23.13391204	19.79819444
38.409375	18.50078125	22.72314815	19.04247685
38.39736111	18.57206597	22.89298611	19.45166667
38.44972222	18.95456597	23.07800926	19.56069444
38.45645833	18.60550347	22.62118056	18.98543981
39.36909722	18.41248264	22.43520833	18.72173611
40.1603125	18.31921875	22.32930556	18.61337963
39.92576389	18.24534722	22.27032407	18.54756944
38.98079861	18.20107639	22.22155093	18.48858796
38.666875	18.15876736	22.18356481	18.40752315
38.52777778	18.11633681	22.10793981	18.29284722
38.01784722	18.08161458	22.07291667	18.26680556
38.31819444	18.05008681	22.05553241	18.27405093
38.19763889	18.03336806	22.03252315	18.22527778
37.30326389	17.99114583	22.00425926	18.16208333
34.86236111	17.93232639	21.92395833	17.99604167
32.62388889	17.87503472	21.87715278	17.93046296
32.23576389	17.85197338	21.84122685	17.88539352
31.88375	17.80802083	21.79844907	17.81597222
31.60590278	17.75505208	21.72428241	17.72518519
31.47986111	17.71517361	21.68837963	17.69340278
31.57159722	17.69145833	21.73821759	17.71759259
32.13291667	17.72545139	22.10914352	18.07793981
31.55027778	17.71947917	21.98655093	18.0755787
31.45763889	17.69012153	21.91127315	18.05627315
31.35708333	17.67133681	21.863125	18.06520833
31.30027778	17.65121528	21.81773148	18.02159722
31.26215278	17.62434028	21.77770833	17.96168981
31.13402778	17.59673611	21.74847222	17.92784722
30.97229167	17.57258681	21.70180556	17.85710648
31.59486111	17.55229167	22.43530093	18.62784722
31.98208333	17.74663194	23.215	20.12578704
33.98319444	18.14324653	23.27587963	19.67699074
34.73513889	18.37126736	22.81784722	19.07787037
35.29819444	18.32618056	22.58907407	18.83280093
35.56972222	18.26838542	22.45053241	18.72157407
36.01618056	18.22024306	22.34564815	18.63668981
35.86847222	18.15779514	22.24759259	18.52268519
35.92868056	18.28449653	22.83268519	20.1424537
35.56388889	18.46758681	23.01888889	19.56013889
35.12618056	18.48682292	22.76571759	19.27162037
35.42166667	18.39373264	22.55615741	19.07076389
35.61215278	18.28135417	22.384375	18.83875
35.31243056	18.18789931	22.42013889	19.20976852
33.27756944	18.1240625	22.40578704	19.10175926
32.33125	17.99550347	22.19458333	18.73648148
32.55944444	17.98399306	22.26590278	19.26384259
34.54430556	19.19883681	23.43777778	20.10465278
34.67472222	18.84842014	22.8100463	19.22641204
34.73069444	18.62135417	22.54675926	18.91284722
34.62625	18.44015625	22.38326389	18.78731481
34.67888889	18.26741319	22.16877315	18.49925926
34.70381944	18.12302083	21.99479167	18.25969907
34.67340278	18.09204861	22.29780093	18.87462963
34.68270833	18.08774306	22.39303241	19.07613426
33.95993056	17.97494792	22.17212963	18.78770833
32.42506944	17.815	21.90185185	18.47777778
32.00972222	17.66486111	21.71203704	18.28506944
34.46354167	18.11246528	23.00444444	20.35159722
34.85798611	18.48723958	22.98569444	19.51157407
34.89729167	18.38987847	22.62324074	18.96631944
34.27591241	18.11615248	22.2372028	18.50749409
33.51805556	17.7990625	21.83342593	18.06391204
33.19065972	17.50345486	21.51127315	17.70143519
33.00319444	17.29508681	21.3030787	17.42013889
33.175625	16.93475694	20.92032407	17.02215278
33.18378472	16.52576389	20.46763889	16.61849537
33.11083333	16.24614583	20.22074074	16.37888889
33.23326389	15.95234375	19.95784722	16.16099537
33.10802083	15.55298611	19.55657407	15.83689815
32.27217361	15.24793403	19.23377315	15.53736111
30.45381944	15.02460069	19.00043981	15.2906713
30.41805556	14.85821181	18.823125	15.07800926
30.18270833	14.64234375	18.56125	14.78076389
29.810625	14.39684028	18.24479167	14.42030093
31.54645833	14.89326389	19.6194213	17.98298611
31.92666667	15.71107639	21.32574074	19.30321759
31.46298611	15.65182292	20.93534722	18.42726852
31.24208333	15.49559028	20.44361111	17.81988426
31.493125	15.36486111	20.13402778	17.53300926
31.41138889	15.25513889	19.96324074	17.33777778
31.12541667	15.13048611	19.69513889	16.97946759
30.91868056	15.04265625	19.5218287	16.66574074
30.74868056	14.87845486	19.21476852	16.20206019
30.41340278	14.66241319	18.79166667	15.63583333
30.03020833	14.42168403	18.38608796	15.1400463
29.65305556	14.22199653	18.02993056	14.69664352
29.17284722	14.01453125	17.69092593	14.19541667
28.71166667	13.85845486	17.450625	13.84988426
28.39131944	13.73421875	17.2669213	13.61821759
28.06208333	13.53703125	16.9505787	13.160625
27.61097222	13.35470486	16.63590278	12.67747685
27.12701389	13.15038194	16.3075	12.19743056
27.29090278	13.48428819	16.3569213	14.33314815
27.12131944	13.41555556	16.41006944	13.85046296
26.78104167	13.21024306	16.24384259	13.10819444
26.19541667	12.96986111	15.96833333	12.32037037
25.63229167	12.76088542	15.67543981	11.69206019
25.19486111	12.54251736	15.39270833	11.1780787
24.85631944	12.32364583	15.12826389	10.78074074
24.54263889	12.12803819	14.9068287	10.47388889
24.25319444	11.92345486	14.71055556	10.24743981
23.948125	11.74788194	14.55581019	10.04452315
23.61645833	11.59243056	14.42793981	9.866256944
23.24291667	11.45762153	14.28872685	9.690907407
23.476875	11.38762153	15.246875	11.51217593
25.77118056	12.77024306	20.1812963	18.19787037
24.94486111	13.12326389	19.06587963	16.54025463
24.95333333	13.11866319	18.34719907	16.13166667
25.29805556	13.24210069	18.22766204	16.24488426
27.92881944	13.33876736	18.31944444	17.29615741
28.24888889	13.374375	18.21923611	16.98951389
27.90340278	13.30192708	17.90960648	16.290625
27.92611111	13.27814236	17.77800926	16.03023148
27.04284722	13.13637153	17.42909722	15.33865741
26.16618056	12.94722222	16.98821759	14.58092593
25.82826389	12.83041667	16.66083333	14.1225463
25.66763889	12.75081597	16.51349537	13.96097222
26.28861111	12.774375	16.37604167	13.9843287
25.38840278	12.60822917	16.14652778	13.41819444
24.62958333	12.38373264	15.7274537	12.67912037
23.99097222	12.20012153	15.34101852	12.12395833
23.31798611	12.01637153	15.0649537	11.53409722
22.75173611	11.78671875	14.70641204	10.92534722
22.37958333	11.58486111	14.42009259	10.44747685
22.12152778	11.42144097	14.26064815	10.22023148
21.76972222	11.31746528	14.16506944	10.00836343
21.45888889	11.15324653	14.00027778	9.710104167
21.24805556	11.00791667	13.85986111	9.467138889
21.07041667	10.88645833	13.74342593	9.256597222
20.85340278	10.79380208	13.65893519	9.129048611
20.69833333	10.75130208	13.61819444	9.07025463
20.69972222	10.69898438	13.56928241	9.000203704
20.38131944	10.65074826	13.53715278	8.919203704
20.11972222	10.58469271	13.45800926	8.798393519
19.91118056	10.49732813	13.34986111	8.67974537
19.79472222	10.42832986	13.26356481	8.600766204
19.72743056	10.35480035	13.20009259	8.562435185
19.65875	10.31052778	13.15465278	8.512090278
20.41597222	10.45621701	14.34446759	9.151511327
20.42826389	10.62001563	14.73543981	10.67349393
20.33	10.65246875	14.63969907	10.53832715
20.30902778	10.7231875	14.8050463	10.77176436
20.43666667	10.86020833	15.10703704	11.19811489
20.39756944	10.86762153	14.92078704	10.93516714
20.15631944	10.82378472	14.59826389	10.47982896
19.93722222	10.75225174	14.26900463	10.01498074
19.83520833	10.668	13.95331019	9.569283319
19.67902778	10.56155035	13.70113426	9.840143369
23.95277778	11.72171701	19.81532407	18.36281346
23.49590278	12.31222222	19.878125	17.93393688
23.03479167	12.36064236	19.93472222	18.01384083
22.80263889	12.38892361	19.60460648	17.54778343
22.56298611	12.36840278	19.01900463	16.72103074
22.24833333	12.30309028	18.40326389	15.85172796
21.96861111	12.22039931	17.87733796	15.10922574
21.77472222	12.11053819	17.40104167	14.43679063
21.63729167	11.99027778	16.92300926	13.76190447
21.44243056	11.86256944	16.44055556	12.97434343
21.21465278	11.71307292	15.94506944	12.43159722
20.97506944	11.54932292	15.48275463	11.71472222
20.70506944	11.39105903	15.07006944	11.04772685
20.39354167	11.14104167	14.71854167	10.39558102
19.99506944	11.05690972	14.41902778	9.799310185
19.70055556	10.87065625	13.84143519	9.338715278
19.59916667	10.7192934	9.04474537	9.017106481
19.538125	10.57561111	8.924375	8.725453704
19.28743056	10.43446528	8.705787037	8.402168981
19.095	10.31387674	8.544560185	8.18549537
18.896875	10.18667014	8.397337963	7.974282407
18.81951389	10.1510816	8.379375	8.875159722
18.81868056	10.17838542	8.44275463	8.748203704
18.77881944	10.14198438	8.409421296	8.394902778
18.70583333	10.08114236	8.341643519	8.112761574
18.51826389	10.06631771	8.298009259	9.779270833
18.499375	10.33755556	8.495486111	14.05886574
18.70493056	10.4314566	8.599513889	13.50287037
18.86701389	10.47877778	8.718773148	13.10298611
18.99097222	10.50824132	8.825578704	12.67074074
18.88298611	10.48047569	8.79125	12.11421296
18.95409722	10.45151389	8.849861111	11.55752315
19.05888889	10.427125	8.922222222	11.01418287
19.09965278	10.39068403	8.924675926	10.55359547
19.09111111	10.31941146	8.843564815	10.73124144
18.86638889	10.24292535	8.640416667	9.966559883
18.86208333	10.24965972	8.621643519	9.84790367
19.67729167	10.57985764	8.890740741	13.54135053
19.75291667	10.7659375	8.966296296	14.23902658
24.73972222	11.38193576	9.167430556	21.0060136
35.4825	12.80217014	9.591111111	18.73539114
35.49048611	12.95163194	10.07835648	17.33957177
34.69291667	13.04756944	10.66724537	16.94166667
32.138125	13.19513889	11.39643519	17.11944444
30.789375	13.325	12.14638889	17.65020833
30.378125	13.42340278	12.84638889	17.61363426
30.23395833	13.49039931	13.42506944	17.40877315
30.01666667	13.47715278	13.76358796	17.04531008
29.84402778	13.43835069	13.92574074	16.73622579
29.69930556	13.42548611	13.98724537	16.38520925
29.64090278	13.43607639	14.04358796	16.25545464
29.92090278	13.45373264	14.0787037	16.32555723
29.80506944	13.43204861	13.97043981	16.31446347
29.60270833	13.41364583	13.87631944	16.20494687
29.66861111	13.37986111	13.85104167	16.33088224
29.62027778	13.31307292	13.79717593	16.3365413
29.51097222	13.27078125	13.74273148	16.26668302
29.41055556	13.20116319	13.66513889	16.16664971
29.25347222	13.21527778	13.61645833	16.24153883
29.06979167	13.23243056	13.53206019	15.29496732
29.01791667	13.17763889	13.46854167	15.21752315
28.95	13.11907986	13.38474537	15.07918981
28.86597222	13.0625	13.305625	14.94842593
28.93263889	13.00678819	13.31594907	14.8805787
28.95083333	12.99088542	13.29053241	14.81395833
29.13076389	13.00133681	13.29041667	14.91178241
30.84020833	13.23130208	13.58694444	18.16018519
30.11854167	13.25185764	13.71960648	17.53288026
29.84104167	13.24703125	13.73916667	18.16664273
29.64083333	13.24505208	13.71465278	17.82311012
29.551875	13.22029514	13.72266204	17.68195761
29.42083333	13.20925347	13.72784722	17.51163723
29.27284722	13.18383681	13.69048611	17.26068391
29.17263889	13.17798611	13.67511574	17.09293131
30.55104167	13.19342014	13.90453704	19.5704895
30.43777778	13.27388889	14.21131944	19.746095
32.46513889	13.32784722	14.350625	17.66742754
32.13930556	13.36105903	14.46928241	17.43414352
31.66506944	13.38918403	14.56289352	17.21923611
30.67916667	13.41956597	14.66043981	17.07689815
30.06944444	13.47029514	14.77319444	16.96752315
29.85082353	13.51828125	14.84548611	16.80898148
30.38702108	13.53135417	14.88483796	16.62826389
30.17257616	13.51895833	14.90141204	16.50963333
30.08982946	13.53958333	14.95793981	16.51572929
30.07683132	13.57102431	15.02648148	16.3858017
32.30858878	13.58940972	15.12488426	16.1992694
32.98684686	13.91694444	15.6012963	15.29618274
32.11042834	14.01857639	15.81199074	14.89679035
31.76296087	14.09206597	15.93828704	14.65738309
31.55065106	14.16998264	16.02252315	14.49770512
33.76066699	14.21880208	16.10016204	14.35053284
34.00869648	14.29300347	16.23181609	16.87992982
34.10771477	14.38421875	16.284375	16.78594907
34.18813147	14.40420139	16.32706019	16.64201389
34.6166862	14.66092014	16.55453704	18.37344907
35.41788774	15.04154514	16.97981481	18.85055556
39.07589145	15.22336806	18.92148318	17.79037037
39.42732809	15.2784375	19.10802575	17.45373494
35.70270416	15.41729167	17.13099537	17.25069386
36.10186581	15.87819444	17.34287037	17.10685282
37.60492548	18.38024306	18.14069444	16.99528104
37.38255847	18.08715278	18.02266204	16.90412027
37.20729018	17.84822917	17.92962963	16.82704493
37.05692316	17.6990625	17.84981481	16.76027923
37.0122666	17.57651042	17.82611111	16.70138771
36.91440593	17.49076389	17.77416667	16.64870745
36.81776633	17.41776042	17.72287037	16.60105236
36.74624606	17.34397569	17.68490741	16.63863369
36.64563796	17.27227431	17.63150463	16.59491284
36.53238299	17.20982639	17.57138889	16.54569608
36.46190935	17.13272569	17.53398148	16.51507064
36.66286388	17.08772569	17.64064815	16.60239864
37.16442163	17.16083333	17.906875	16.82035856
37.02709397	17.20381944	17.83398148	16.76068064
36.80764883	17.21552083	17.7175	16.694
36.47316071	17.21161458	17.5399537	16.51458333
36.03967805	17.17831597	17.30986111	16.33590278
36.08847756	17.11197917	17.33576389	16.30016204
35.72825958	17.06678819	17.14456019	16.16333333
35.32085566	17.02092014	16.92831019	16.05828704
39.30859081	16.9534375	19.045	16.08981481
43.70843974	16.92315972	21.38043981	16.15921296
43.68257906	16.90567708	21.36671296	16.21824074
43.64424593	16.87862847	21.34636574	16.23099537
43.65292431	16.85774306	21.35097222	16.21050926
43.59457423	16.83927083	21.32	16.16171296
43.53090374	16.81498264	21.2862037	16.07013889
43.46252337	16.76315972	21.24990741	16.03756944
43.41093283	16.71769097	21.22252315	16.01733796
43.37532157	16.68387153	21.20362069	15.87887446
43.2968171	16.64814236	21.17397514	15.8894555
43.26910549	16.62953125	21.15954967	15.86546578
43.26499528	16.62677083	21.15741007	15.8619076
30.89629946	16.64395833	21.1707321	15.88406229
30.79540817	16.64298611	21.2764881	15.8828091
30.77519973	16.63326389	21.26219907	15.87027715
30.54530419	16.60743056	21.25627315	15.83697799
30.45985976	16.58463542	21.22678241	15.80759505
30.50351391	16.56734375	21.20268519	15.78530609
30.5309817	16.54694444	21.19275463	15.75901139
30.46358753	16.52126736	21.16960648	15.72591363
31.81217391	16.49381944	21.15261574	15.69053326
31.69965278	16.46329861	21.12305556	15.65119191
31.554375	16.43720486	21.09861111	15.61755707
31.45881944	16.42095486	21.08111111	15.59661082
31.32819444	16.37736111	21.0550463	15.54041847
30.95166667	16.36850694	21.04113426	15.52900545
30.80055556	16.36710069	21.02094907	15.5271928
31.15520833	16.33279514	21.01530093	15.48297293
31.25361111	16.29246528	21.00856481	15.43098774
31.20923611	16.30741319	21.07296296	15.45025561
31.04875	16.31338542	21.21872685	15.4579538
31.53465278	16.29175347	21.26168981	15.43007023
31.37076389	16.28307292	21.26444444	15.41888099
31.16180556	16.23619792	21.23712963	15.35845911
31.02618056	16.19739583	21.20673611	15.30844323
30.94520833	16.16203125	21.18087963	15.26285828
30.28471528	16.14833333	21.15888889	15.24520167
30.77993403	16.13572917	21.14143519	15.2289549
30.5325	16.15121528	21.12898148	15.24891649
29.72152778	16.14428819	21.11976852	15.23998748
30.450625	16.14548611	21.11523148	15.7447619
30.34520833	16.13649306	21.1144213	15.74388889
31.16076389	16.14182292	23.4550463	17.1905787
33.15451389	16.18498264	22.79078704	17.56648148
33.40083333	16.25272569	22.3956713	17.21372685
33.43444444	16.31022569	22.16805556	16.98988426
33.49868056	16.35045139	22.16409722	16.95875
33.43597222	16.43694444	22.90439815	17.2062963
33.35680556	16.54645833	22.95356481	17.73587963
33.54368794	16.68938811	22.48238426	17.46699764
33.42715278	16.78310764	22.21655093	17.14787037
33.69743056	16.80081597	22.03280093	16.89236111
33.90611111	16.85805556	21.88638889	16.69013889
30.442375	16.88805556	21.8562963	16.67497685
28.12503472	16.90829861	22.60518519	18.08844907
34.01166667	16.99034722	22.90321759	18.23393519
30.07647917	17.08178819	22.98729167	18.31449074
29.44056597	17.22803819	23.17724537	18.62819444
33.33290972	17.89232639	22.81134259	17.98108796
26.06991319	18.04185764	22.48451389	17.55048611
29.88421875	17.85315972	22.25298611	17.22013889
34.56090278	17.78086806	22.21145833	17.10497685
34.58611111	17.84612847	22.38175926	16.98011574
34.58513889	17.75583333	22.33293981	16.96164352
34.66736111	17.665625	22.51388889	17.18344907
34.69006944	17.99913194	23.34548611	19.0331713
34.80097222	18.15182292	22.81965278	18.55898148
31.76570486	18.18711806	22.74143519	18.490625
34.5955	18.43718531	23.19645833	18.98820513
35.01597222	18.10097222	22.62756944	17.9849537
31.67252431	17.88892361	22.34877315	17.58606481
35.11020833	17.75350694	22.17386574	17.26921296
29.35749306	17.65355903	22.06090278	17.16446759
29.39119097	17.59946181	21.99590278	17.17118056
34.41902778	18.13253472	23.21467593	19.10423611
35.29631944	18.31979167	23.05886574	18.70569444
35.40944444	18.2103125	23.09226852	18.71247685
35.47569444	18.12442708	23.11608796	18.76662037
35.553125	18.716875	24.47967593	20.66511574
35.47923611	18.50878472	23.21789352	18.89074074
30.14844792	18.18373264	22.62863426	18.08435185
35.51618056	18.02286458	22.43280093	17.7706713
31.92259028	17.90140625	22.28023148	17.54743056
32.21757639	17.79897569	22.17291667	17.37615741
35.91958333	17.89880208	23.01736111	18.39724537
31.57518403	18.00720486	22.78631944	18.14092593
34.13244444	17.94840278	22.57537037	17.87136574
30.10646181	17.84512153	22.42511574	17.63231481
31.28570139	17.74473958	22.273125	17.40525463
32.45496528	17.75560764	22.97560185	18.09613426
30.3263125	17.86282986	22.86858796	18.16131944
36.14215278	18.39618056	23.93407407	19.49423611
36.17444444	18.40215278	23.22643519	18.70564815
36.38916667	18.0490625	22.68763889	18.0255787
35.29459028	17.86592014	22.4399537	17.71090278
34.18438889	17.75385417	22.30175926	17.49900463
33.81743056	17.66491319	22.17842593	17.29761574
32.73901042	17.57336806	22.09328704	17.16835648
32.69006944	17.51262153	22.00252315	17.0575
36.25125	17.47168403	22.07902778	17.39164352
36.27465278	17.46897569	22.57009259	18.11872685
33.42274653	17.49786458	22.59652778	17.9975
31.59212153	17.51527778	22.50113426	17.78708333
30.41787153	17.49711227	22.81847222	18.10546296
36.48833333	18.43177083	23.75525463	19.20439815
36.57166667	18.18060764	22.8855787	18.20891204
31.95996181	17.94635417	22.63574074	17.92247685
36.77527778	18.28324653	23.6137037	19.04925926
36.43104167	18.42776042	23.14483796	18.59509259
32.76104514	18.10831597	22.7375	18.09365741
30.00777778	17.91623264	22.74506944	18.10451389
34.37055903	18.15460069	23.48835648	18.95381944
37.08930556	18.58039931	23.84587963	19.343125
32.29024306	18.31762153	23.0687037	18.47310185
36.75182292	18.06208333	22.76511574	18.16037037
33.68066667	18.20611111	23.24219907	18.65442789
35.22020486	18.41229167	23.234375	18.64507813
34.59322917	18.10585069	22.81555556	18.14458889
29.50658681	18.01402778	23.00553241	18.37161123
31.52765278	18.23185764	23.28027778	18.69993194
33.18495139	18.09770833	22.88083333	18.22259583
34.83100347	17.95998264	22.72731481	18.0391412
25.69257986	18.02046875	23.33925926	18.77041481
31.45511806	18.1078125	23.07043981	18.44917558
31.10339931	18.05185764	22.83527778	18.16815694
28.76808218	18.13321181	23.17608796	18.57542512
29.71582639	18.56369792	23.57321759	19.04999502
31.36014236	18.93269097	24.06546296	19.63822824
31.17996181	18.30949653	23.16377315	18.56070891
35.6356875	18.0634375	22.86826389	18.20757535
28.71172222	17.91805556	22.75342593	18.07034398
27.48623611	17.84050347	22.8175463	18.14696782
27.83085185	18.14538194	23.42039352	18.86737025
31.8521412	18.73020833	23.83386574	19.36146956
35.71695139	18.31237847	23.20027778	18.60433194
36.07946875	18.07888889	22.90826389	18.25537535
34.76996528	17.92638889	22.71527778	18.02475694
36.59768403	17.81090278	22.57284722	17.85455243
35.09410764	17.71805556	22.44488426	17.70163669
35.50328819	17.63388889	22.29731481	17.5252912
34.56316319	17.56532986	22.16020833	17.36144896
35.96879861	17.49741319	22.02275463	17.19719178
34.13751042	17.42767361	21.90888889	17.06112222
37.05875	17.34901042	21.82576389	16.96178785
27.51404514	17.42536458	22.48678241	17.75170498
28.66569792	17.71265625	23.39268519	18.8342588
28.58999306	17.78493056	23.55641204	19.02991238
29.88079861	18.35102431	24.08935185	19.66677546
29.11731481	18.78623264	23.83835648	19.366836
30.09379861	18.46546875	23.65671296	19.14977199
30.06442593	18.56444444	23.59773148	19.07928912
26.02829861	18.28032986	23.04828704	18.42270301
27.13211806	18.57496528	23.57840278	19.05619132
26.84253472	18.59954861	23.51363426	18.97879294
28.11645833	18.27388889	23.0075	18.3739625
31.04537384	18.06276042	22.70006944	18.00658299
32.79255787	18.82597222	24.2518287	19.8609353
29.80451389	18.90803819	23.85678241	19.38885498
32.05150463	18.41664931	23.19321759	18.59589502
32.09342593	18.12321181	22.77233796	18.09294387
31.77490741	17.90590278	22.36111111	17.60152778
34.35333333	17.69925347	21.96074074	17.12308519
29.72680556	17.35574653	21.70944444	16.82278611
29.6443287	17.11411458	21.68103426	16.78883594
29.50038194	16.85383681	21.3333552	16.37335947
27.63930556	16.658125	21.07192338	16.06094843
26.08121528	16.3196875	20.61983856	15.52070708
27.0178125	15.97859375	20.16420553	14.97622561
26.87760417	15.61052083	19.67253373	14.38867781
27.24704861	14.87164931	18.68554914	13.20923123
29.48121528	15.11333333	19.00839067	13.59502685
32.48642361	15.65092014	19.72649912	14.45316645
32.25892361	15.52623843	19.55994929	14.2541394
30.72638889	15.47208333	19.48760892	14.16769266
30.34555556	15.33729167	19.30755421	13.95252728
29.47621528	15.14569444	19.05161864	13.64668427
31.24555556	15.04557292	18.9178763	13.48686218
33.02868056	15.15324653	19.06170671	13.65873952
32.05486111	15.03982639	18.91020009	13.47768911
31.73871528	14.86715278	18.67954268	13.2020535
31.93777778	14.68326389	18.4339039	12.90851516
33.36440972	14.81060764	18.60400968	13.11179157
32.83508102	14.75125	18.52471975	13.0170401
32.83614583	14.66602431	18.41087527	12.88099594
33.86236111	14.58267361	18.29953541	12.74794481
34.13743056	14.53666667	18.23807933	12.6745048
33.93149306	14.43208333	18.09837692	12.50756042
32.96079861	14.30017361	17.92217191	12.29699543
32.59326389	14.15720486	17.73119425	12.06877713
31.94177083	13.96541667	17.47500358	11.76262928
32.06211806	13.73649306	17.16920742	11.39720287
32.69371528	13.51930556	16.87908836	11.05051059
27.41996528	13.29729167	16.58252221	10.69611404
28.80979167	13.12467014	16.35193437	10.42056157
29.39791667	12.94477431	16.11162952	10.13339727
29.91326389	12.75402778	15.85683031	9.828912215
29.65267361	12.53935764	15.57007393	9.486238351
30.00815972	12.35401042	15.32248711	9.190372102
30.07666667	12.26784722	15.20739032	9.052831432
29.77204861	12.17026042	15.07703386	8.897055468
29.11395833	11.96248264	14.79948431	8.565383749
29.11045139	11.79111111	14.57056622	8.291826636
29.08475694	11.61572917	14.33629102	8.01186777
28.57114583	11.46755208	14.13835607	7.775335507
27.28496528	11.28493056	13.89441024	7.483820232
27.1765625	11.11422101	13.66637643	8.671644737
27.39322917	10.96515625	13.46725572	8.596030093
27.72260417	10.80931424	13.25908196	8.515668981
27.29309028	10.68292535	13.09025168	8.450277778
28.17614583	10.58707292	13.92684035	8.410060185
28.48645833	10.48896181	14.16931854	8.36031713
29.23489583	10.40842361	14.7541476	8.314722222
30.8209375	10.36834028	16.17794997	8.290259259
29.27673611	10.29744271	14.99864337	8.249351852
26.16505903	10.231625	12.62225558	8.191402778
26.23315972	10.24346181	12.67426408	9.969710648
27.87420139	10.57719271	13.9275276	12.67722454
26.96690972	10.62178472	15.85083333	12.10934028
26.46267361	10.80276042	16.40485632	14.0239537
28.52673611	11.28309201	15.20535438	15.5062963
28.64954861	11.3925	15.38547275	14.69384259
27.59114583	11.38763889	15.3774699	14.09543981
27.79552083	11.33215278	15.28612312	13.50912037
27.57302083	11.22251736	15.10563033	12.93840278
27.55177083	11.16276042	15.00725247	12.55914352
28.4234375	11.18482639	15.04357968	12.61092593
28.2346875	11.1675	15.01505525	12.39662037
28.90010417	11.75829861	15.987687	13.40877315
31.76100694	12.37954861	17.01045088	15.36155093
33.055625	12.41708333	17.07224429	15.52740741
33.29496528	12.44269097	17.11440215	15.59650463
31.89260417	12.42407986	17.08376268	15.39273148
30.36993056	12.28034722	16.84713563	14.86076389
29.09649306	12.0759375	16.51061591	14.35284722
29.77079861	11.94736111	16.2989406	14.02351852
30.76621528	11.88861111	16.20222047	14.17729167
33.87253472	12.030625	16.43601794	15.76634259
33.97375	12.00477431	16.39345994	15.85331019
28.60618056	11.92510417	16.26229899	15.41581019
28.14465278	11.85020833	16.13899798	14.93002315
27.24065972	11.82777778	16.20077778	14.55400463
28.14413194	11.86626736	16.16543596	14.47425926
28.6921875	11.73689236	15.95244589	14.26194444
27.46621528	11.61553819	15.75266053	13.96365741
26.03722222	11.43640625	15.28916667	13.54597222
26.31600694	11.25255208	15.11743056	13.13215278
27.5640625	11.12644097	14.96652778	12.88733796
28.23329861	11.08534722	14.91509259	12.73152778
27.79767361	10.99352431	14.79449074	12.46967593
28.86086806	11.16779514	14.77150463	14.30886574
27.70892361	11.39095486	14.86231481	14.66384615
26.49336806	11.36286458	14.97171296	14.48215278
26.44520833	11.31184028	15.0169213	14.20094907
27.12149306	11.26680556	15.04569444	13.99168981
27.82496528	11.24519097	15.09027778	13.89141204
28.11298611	11.21592014	15.09296296	13.73106481
28.28503472	11.13404514	15.02532407	13.50907407
28.73423611	11.26001736	14.96912037	14.05185185
30.74309028	11.75845486	16.03361111	17.96020833
36.22270833	14.27710069	22.26071759	19.67918981
36.62697917	16.37291667	23.01398148	18.86914352
37.55246528	16.97086806	23.24101852	18.79111111
37.7559375	17.12407986	22.87951389	18.19664352
38.79399306	16.99088542	22.58453704	17.79743056
38.91409722	16.81465278	22.44974537	17.58615741
38.15822917	16.57821181	22.1618287	17.28717593
37.71604167	16.31982639	21.85847222	17.0294213
37.38600694	16.30828125	22.40849537	18.56590278
38.92142361	16.25979167	22.59877315	18.18909722
38.76142361	16.13645833	22.34333333	17.66756944
37.87920139	15.961875	22.04946759	17.31636574
37.59104167	15.79493056	21.79555556	17.12106481
37.52388889	15.76838542	22.23967593	18.47756944
37.40694444	15.76805556	22.38328704	18.15840278
37.05697917	15.73234375	22.29104167	17.83087963
38.11298611	15.72508681	22.43273148	18.22604167
38.88458333	15.82307292	22.9824537	18.56381944
38.32309028	15.78904514	22.77914352	17.99166667
37.85333333	15.73729167	22.55363426	17.66122685
38.62128472	16.79131944	23.50136574	19.13409722
38.875625	18.49182292	23.91465278	19.61171296
39.2246875	18.56371528	23.67655093	19.22886574
41.11784722	18.31364583	23.2387037	18.59939815
40.50979167	18.07967014	23.03511574	18.35016204
42.35	18.43267361	23.86719907	19.54217593
43.54267361	18.36979167	23.24141204	18.66719907
43.25013889	18.15180556	23.01638889	18.36601852
36.18204861	17.93949653	22.84478261	17.9382619
33.835625	17.72180556	23.16897183	17.52627315
34.32951389	17.53088542	23.09497119	17.26962963
34.28857639	17.36076389	23.02903208	17.0900463
34.386875	17.18397569	22.96050898	16.94930556
34.8228125	17.02682292	22.89959656	16.77923611
35.450625	16.91848958	22.85760656	16.68541667
36.89423611	16.82965278	22.88055556	17.64208333
38.29881944	16.97293403	23.3555787	19.01571759
38.50965278	17.46708333	23.91969907	19.43506944
37.62392361	18.13842014	23.26960961	18.41548611
33.41704861	17.88673611	22.98720593	17.94060185
32.58746667	17.71012153	22.70480226	17.92886179
36.12277179	17.51774306	22.5819213	18.03474058
39.65807692	17.37119792	22.6206713	18.08073683
41.90587413	18.27053819	23.59831019	19.24119419
42.6285185	17.77727199	22.9024537	18.41521255
43.35116287	15.73152546	22.63902778	18.10252597
44.79645161	17.42474537	22.45090278	17.8792216
47.10680851	17.27097222	22.3293287	17.73491317
43.74408451	17.13018519	22.26377315	17.65709873
43.27823944	17.0069213	22.19884259	17.58002616
44.92096774	17.02331019	22.72060185	18.1993544
41.17989899	17.46090278	23.10625	18.65711875
42.90847222	17.81359954	23.43178241	19.04352572
45.11641509	18.4315625	23.29270833	18.87844479
45.14070423	18.26814236	22.89335648	18.40441414
47.21612903	18.09069444	22.61099537	18.0692515
47.29682171	17.69480903	22.43581019	17.86130669
44.66531915	17.5615625	22.31196759	17.71430553
43.31056338	17.46384259	22.23488426	17.62280762
44.27355072	17.71659722	22.11659722	17.4824009
43.03322314	17.55155093	21.99921296	17.34306579
44.98382353	17.28631944	21.92789352	17.25840961
47.65529412	17.0256713	21.886875	17.20972063
43.74408451	16.97166667	21.84125	17.15556375
43.27823944	16.93453704	21.83331019	17.14613919
44.92096774	16.91257523	21.8119213	17.12075058
41.17989899	17.38782986	21.75729167	17.05590521
42.90847222	17.34998264	21.72939815	17.0227956
39.47393939	17.31909722	21.71743056	17.00859007
39.47298611	17.32762731	21.93085648	17.26192664
39.49013889	16.9181713	22.67574074	18.14610426
39.63659722	17.1324537	23.07347222	18.61821153
43.34864286	17.62082176	22.71979167	18.19839271
45.47404255	17.89439236	22.47923611	17.91285326
45.60328671	17.81423611	22.35020833	17.75969729
44.10049296	17.75068287	22.53048611	17.97368701
41.93541667	18.08329861	23.44046296	19.05382954
41.82305556	18.50436921	23.56409722	19.2005834
42.74020833	17.77081019	22.78296296	18.27337704
44.13590278	17.55217593	22.53349537	17.977259
46.99014493	17.43414352	22.376875	17.79135063
45.88259259	17.78929398	22.26668981	17.66056081
45.1796875	17.66609954	22.21939815	17.6044256
44.73411436	17.83477431	22.68986111	18.16286514
44.28854123	17.88802662	23.22840278	18.8021141
43.39739496	18.01690394	22.94419608	18.46476075
42.72472222	18.11873264	22.58790046	18.14999942
43.63142857	17.90249421	22.39391245	17.8352381
46.16075758	17.86453125	22.35985579	17.74472222
43.92448276	17.76446181	22.27008326	17.62368056
41.80444444	17.72381944	22.2336229	17.86622685
42.80368056	18.32185764	22.77012437	20.07652778
45.33652778	18.63208333	23.04842858	19.06078704
45.6305814	18.23029514	22.68798344	18.41416667
57.33	18.05361111	22.52947978	18.12608796
47.06888889	17.94119792	22.16911111	17.88789352
35.55645793	17.22380788	21.71987649	17.62647059
35.53480591	17.21615389	21.7086388	17.574375
35.60920597	17.24245431	21.74725343	17.47736111
36.38499361	17.51669524	22.14989758	17.42243056
38.09389163	18.12079069	23.03683848	17.4174537
38.40047516	18.22916797	23.19595943	17.39787037
37.32823898	17.85013248	22.63945453	17.37222222
36.83323672	17.67514918	22.38254174	17.29446759
36.70908306	17.63126086	22.31810433	17.24400463
37.21997884	17.81186252	22.58326607	17.26152778
39.14032965	18.49070653	23.5799538	17.23037037
40.59815624	19.00604823	24.33658527	17.19358796
38.26365276	18.18080125	23.12494678	17.14981481
37.62906399	17.95647412	22.79558673	17.03115741
37.24462529	17.82057504	22.59605791	17.68537037
37.04768396	17.75095628	22.49384273	18.979375
37.01981273	17.7411038	22.47937718	18.65337963
38.30649615	18.19594639	23.14718307	18.37402778
39.09886832	18.47604995	23.55843481	18.17643519
38.00636215	18.08984902	22.99140951	18.84574074
37.36670588	17.86373053	22.65941937	18.83532407
37.02649259	17.74346513	22.48284412	18.6924537
36.74248246	17.64306755	22.33543907	19.26664352
36.64412696	17.60829888	22.28439125	18.68701389
37.13406173	17.78149082	22.53867394	18.38564815
40.68683743	19.03739703	24.382612	18.26694444
39.5471114	18.63450388	23.79107896	18.10916667
38.09573434	18.12144209	23.03779488	18.24967593
37.52425895	17.91942554	22.74119151	19.60634259
37.00668331	17.73646255	22.47256284	18.91046154
36.55636713	17.57727578	22.23884273	18.52806496
36.20924362	17.45456762	22.05868099	18.25438123
36.29055392	17.48331081	22.10088212	18.12261031
36.60750277	17.59535223	22.26538281	18.00990617
37.15847785	17.79012192	22.55134623	18.23918682
36.96614334	17.72213167	22.45152205	18.78353016
36.75284778	17.64673169	22.34081881	18.47525333
36.61303095	17.59730644	22.268252	18.18427306
36.84337171	17.6787319	22.38780194	18.2037455
39.61137649	18.65722159	23.8244334	19.10973048
39.64039941	18.66748119	23.83949668	19.3392693
40.38324832	18.93007828	24.22504519	19.11913479
38.50435884	18.26589085	23.24987645	18.83534884
37.82462328	18.02560433	22.89708461	18.7244213
37.46874685	17.89980201	22.71237999	18.56756944
38.77662161	18.36213574	23.39118447	18.44965278
39.27208455	18.53728189	23.64833635	18.33715278
38.01534543	18.09302461	22.99607196	18.23800926
37.67421078	17.97243351	22.81901851	18.29530093
37.78799912	18.01265769	22.87807619	18.22583333
