0.00000000	0.00000000	0.00000000	0.00000000	0.00000000	0.00000000	0.00000000	0.00000000	0.00000000	0.00000000	0.00000000	0.00000000	0.00000000	0.00000000	0.00000000	0.00000000	0.00000000	0.00000000	0.00000000	-0.00010487	-0.00231824	0.00000000	0.00000000	0.00078291	0.00000000	0.00079873	10.25949383	4.03942871	2.31954455	0.00000000	0.00000000	0.00000000	0.00000000	0.00000000	0.00000000	2.05047989	1.16766727	0.00000000	0.00000000	0.00000000	0.00000000	-0.02124906	
0.00000000	0.00000000	0.00000000	0.00000000	0.00000000	0.00000000	0.00000000	0.00000000	0.00000000	0.00000000	0.00000000	0.00000000	0.00000000	0.00000000	0.00000000	0.00000000	0.00000000	0.00000000	0.00000000	-0.00008646	-0.00183433	0.00000000	0.00000000	0.00078291	0.00000000	0.00079873	10.25949383	4.03942871	2.31954503	0.00000000	0.00000000	0.00000000	0.00000000	0.00000000	0.00000000	2.05047989	1.16766727	0.00000000	0.00000000	0.00000000	0.00000000	-0.01579671	
0.00000000	0.00000000	0.00000000	0.00000000	0.00000000	0.00000000	0.00000000	0.00000000	0.00000000	0.00000000	0.00000000	0.00000000	0.00000000	0.00000000	0.00000000	0.00000000	0.00000000	0.00000000	0.00000000	-0.00010028	-0.00208442	0.00000000	0.00000000	0.00078291	0.00000000	0.00079873	10.25949383	4.03942871	2.31954455	0.00000000	0.00000000	0.00000000	0.00000000	0.00000000	0.00000000	2.05047989	1.16766727	0.00000000	0.00000000	0.00000000	0.00000000	-0.01544627	
0.35905248	0.00000000	0.00030593	0.00000000	0.00030593	0.00000000	0.00005115	0.00000000	0.00026854	0.00000000	0.00001279	0.00000000	0.00006714	0.00491052	0.00491052	0.00082104	0.00431046	0.00020526	0.00107761	0.00091854	-0.00359415	0.00154936	0.00065855	0.00116562	0.00090503	0.00135128	21.50270271	5.90826941	4.17354774	2.39161730	1.27065277	0.00101706	0.00053230	0.10817699	0.05408850	3.23845840	2.16586423	0.16830511	0.19074735	0.00000000	0.00154936	-0.01465382	
6.11716652	0.00000000	0.00243565	0.00000000	0.00243565	0.00000000	0.00040724	0.00000000	0.00213801	0.00000000	0.00010181	0.00000000	0.00053450	0.00769930	0.00769930	0.00128732	0.00675845	0.00032183	0.00168961	0.00820206	0.00435891	0.01336269	0.00277684	0.00189881	0.00379691	0.00231134	60.82274628	13.62376213	10.66513348	10.66513348	3.50331450	0.00502465	0.00833804	0.55996144	0.27998072	7.70419312	3.50331450	0.99296212	5.12420368	0.00536245	0.01872515	-0.02361361	
7.67829847	0.00000000	0.00268149	0.00000000	0.00268149	0.00000000	0.00044835	0.00000000	0.00235381	0.00000000	0.00011209	0.00000000	0.00058845	0.00000000	0.00000000	0.00000000	0.00000000	0.00000000	0.00000000	0.00900290	0.00499070	0.01745668	0.00296620	0.00193982	0.00407105	0.00232814	86.08454895	15.96445751	12.28783512	12.28783512	3.09058118	0.00624862	0.01120806	1.02732575	0.51366287	9.22906685	3.09058118	0.99953729	6.67876005	0.00656763	0.02402431	-0.16909172	
7.64787960	0.00000000	0.00266394	0.00000000	0.00266394	0.00000000	0.00044541	0.00000000	0.00233840	0.00000000	0.00011135	0.00000000	0.00058460	0.00000000	0.00000000	0.00000000	0.00000000	0.00000000	0.00000000	0.00893385	0.00445489	0.01764524	0.00296733	0.00194760	0.00407030	0.00234038	87.60560608	16.08175850	12.33017921	12.33017921	3.08554745	0.00634386	0.01130138	1.06671262	0.53335631	9.33340073	3.08554745	0.99952292	6.64835787	0.00595539	0.02360063	-0.18919788	
7.61708689	0.00000000	0.00263573	0.00000000	0.00263573	0.00000000	0.00044069	0.00000000	0.00231365	0.00000000	0.00011017	0.00000000	0.00057841	0.00000000	0.00000000	0.00000000	0.00000000	0.00000000	0.00000000	0.00883031	0.00452195	0.01674329	0.00301097	0.00199915	0.00417000	0.00242419	86.73943329	16.07934761	12.84450531	12.84450531	3.32067561	0.00595940	0.01078389	0.93653852	0.46826926	9.30536652	3.32067561	0.99950796	6.61757946	0.00607192	0.02281522	-0.08009803	
7.56730556	0.00000000	0.00215003	0.00000000	0.00215003	0.00000000	0.00035948	0.00000000	0.00188729	0.00000000	0.00008987	0.00000000	0.00047182	0.00000000	0.00000000	0.00000000	0.00000000	0.00000000	0.00000000	0.00721513	0.00289699	0.01383950	0.00281775	0.00176082	0.00383576	0.00209170	69.71779633	15.09986019	10.98932934	10.98932934	2.81747007	0.00498215	0.00885735	0.79603851	0.39801925	8.37380791	2.81747007	0.99948215	6.56782341	0.00364375	0.01748325	-0.04661148	
4.45043516	0.00000000	0.00109263	0.00000000	0.00109263	0.00000000	0.00018269	0.00000000	0.00095911	0.00000000	0.00004567	0.00000000	0.00023978	0.00000000	0.00000000	0.00000000	0.00000000	0.00000000	0.00000000	0.00369191	-0.00027526	0.00657724	0.00254028	0.00177547	0.00339212	0.00213303	41.39663696	11.37761021	7.86857462	7.68552542	2.76238346	0.00272319	0.00385405	0.42146614	0.21073307	6.27495813	2.85634208	0.89930719	3.55112767	0.00264271	0.00921995	-0.02793216	
0.00000000	0.00000000	0.00000000	0.00000000	0.00000000	0.00000000	0.00000000	0.00000000	0.00000000	0.00000000	0.00000000	0.00000000	0.00000000	0.00000000	0.00000000	0.00000000	0.00000000	0.00000000	0.00000000	-0.00017136	-0.00352187	0.00000000	0.00182885	0.00141766	0.00222091	0.00161694	12.80507565	5.38906908	2.83726525	0.00000000	0.00000000	0.00000000	0.00000000	0.00000000	0.00000000	2.78968549	1.45635951	0.00000000	0.00000000	0.00000000	0.00000000	-0.02118316	
0.00000000	0.00000000	0.00000000	0.00000000	0.00000000	0.00000000	0.00000000	0.00000000	0.00000000	0.00000000	0.00000000	0.00000000	0.00000000	0.00000000	0.00000000	0.00000000	0.00000000	0.00000000	0.00000000	-0.00010921	-0.00207417	0.00000000	0.00182885	0.00141766	0.00222091	0.00161694	12.80507660	5.38906908	2.83726525	0.00000000	0.00000000	0.00000000	0.00000000	0.00000000	0.00000000	2.78968573	1.45635951	0.00000000	0.00000000	0.00000000	0.00000000	-0.01815378	
0.00000000	0.00000000	0.00000000	0.00000000	0.00000000	0.00000000	0.00000000	0.00000000	0.00000000	0.00000000	0.00000000	0.00000000	0.00000000	0.00000000	0.00000000	0.00000000	0.00000000	0.00000000	0.00000000	-0.00007541	-0.00166147	0.00000000	0.00182885	0.00141766	0.00222091	0.00161694	12.80507660	5.38906908	2.83726525	0.00000000	0.00000000	0.00000000	0.00000000	0.00000000	0.00000000	2.78968573	1.45635951	0.00000000	0.00000000	0.00000000	0.00000000	-0.01868385	
0.00000000	0.00000000	0.00000000	0.00000000	0.00000000	0.00000000	0.00000000	0.00000000	0.00000000	0.00000000	0.00000000	0.00000000	0.00000000	0.00000000	0.00000000	0.00000000	0.00000000	0.00000000	0.00000000	-0.00009092	-0.00172711	0.00000000	0.00182885	0.00141766	0.00222091	0.00161694	12.80507565	5.38906908	2.83726525	0.00000000	0.00000000	0.00000000	0.00000000	0.00000000	0.00000000	2.78968549	1.45635951	0.00000000	0.00000000	0.00000000	0.00000000	-0.01584274	
0.00000000	0.00000000	0.00000000	0.00000000	0.00000000	0.00000000	0.00000000	0.00000000	0.00000000	0.00000000	0.00000000	0.00000000	0.00000000	0.00000000	0.00000000	0.00000000	0.00000000	0.00000000	0.00000000	-0.00011586	-0.00262569	0.00000000	0.00182885	0.00141766	0.00222091	0.00161694	12.80507660	5.38906908	2.83726525	0.00000000	0.00000000	0.00000000	0.00000000	0.00000000	0.00000000	2.78968573	1.45635951	0.00000000	0.00000000	0.00000000	0.00000000	-0.01395240	
0.08749659	0.00000000	0.00010608	0.00000000	0.00010608	0.00000000	0.00001774	0.00000000	0.00009311	0.00000000	0.00000443	0.00000000	0.00002328	0.00284809	0.00284809	0.00047620	0.00250005	0.00011905	0.00062501	0.00023033	-0.00432143	0.00054402	0.00192422	0.00152647	0.00237403	0.00177989	19.84830856	6.10553741	3.78132725	1.20984423	0.71585655	0.00041551	0.00012851	0.06153603	0.03076802	3.29814601	2.03020644	0.05573362	0.03176295	0.00000000	0.00054402	-0.01420733	
5.84155083	0.00000000	0.00229027	0.00000000	0.00229027	0.00000000	0.00038293	0.00000000	0.00201040	0.00000000	0.00009573	0.00000000	0.00050260	0.01050798	0.01050798	0.00175693	0.00922390	0.00043923	0.00230598	0.00771801	0.00274416	0.01308203	0.00274376	0.00187135	0.00371724	0.00225830	61.54553604	14.00913048	10.33643341	10.33643341	3.34891701	0.00506285	0.00801918	0.63610625	0.31805313	7.96868467	3.34891701	0.98077184	4.86077833	0.00472301	0.01780504	-0.01724591	
8.19526196	0.00000000	0.00247310	0.00000000	0.00247310	0.00000000	0.00041350	0.00000000	0.00217089	0.00000000	0.00010338	0.00000000	0.00054272	0.00002055	0.00002055	0.00000344	0.00001804	0.00000086	0.00000451	0.00831079	0.00293322	0.01596978	0.00283051	0.00171901	0.00385834	0.00203307	72.14131165	15.40923500	11.08924389	11.08924389	2.62718940	0.00568698	0.01028281	0.84606957	0.42303479	8.44087029	2.62718940	0.99972409	7.19553900	0.00580314	0.02177292	-0.02257805	
8.16320610	0.00000000	0.00278566	0.00000000	0.00278566	0.00000000	0.00046576	0.00000000	0.00244526	0.00000000	0.00011644	0.00000000	0.00061131	0.00000000	0.00000000	0.00000000	0.00000000	0.00000000	0.00000000	0.00933343	0.00438817	0.01754170	0.00298457	0.00188908	0.00411897	0.00225540	80.66798401	16.05524063	12.39778423	12.39778423	2.96542788	0.00622035	0.01132135	0.89294422	0.44647211	9.06442833	2.96542788	0.99971503	7.16349173	0.00627125	0.02381295	-0.03251849	
8.13033772	0.00000000	0.00246114	0.00000000	0.00246114	0.00000000	0.00041150	0.00000000	0.00216039	0.00000000	0.00010288	0.00000000	0.00054010	0.00000000	0.00000000	0.00000000	0.00000000	0.00000000	0.00000000	0.00824838	0.00350361	0.01680070	0.00296703	0.00185339	0.00407794	0.00220466	80.07305908	16.12522697	11.68411160	11.68411160	2.69212317	0.00603691	0.01076379	1.01794660	0.50897330	9.06913567	2.69212317	0.99970549	7.13063288	0.00405966	0.02086036	-0.06917248	
8.08433628	0.00000000	0.00199437	0.00000000	0.00199437	0.00000000	0.00033346	0.00000000	0.00175066	0.00000000	0.00008336	0.00000000	0.00043766	0.00000000	0.00000000	0.00000000	0.00000000	0.00000000	0.00000000	0.00669824	0.00257305	0.01297586	0.00271129	0.00160451	0.00366539	0.00188069	61.90269470	14.67333031	10.28338337	10.28338337	2.50230360	0.00460909	0.00836677	0.70171541	0.35085770	7.83770657	2.50230360	0.99969137	7.08464479	0.00363914	0.01661500	-0.03479244	
4.83030128	0.00000000	0.00100737	0.00000000	0.00100737	0.00000000	0.00016843	0.00000000	0.00088427	0.00000000	0.00004211	0.00000000	0.00022107	0.00000000	0.00000000	0.00000000	0.00000000	0.00000000	0.00000000	0.00339759	-0.00037665	0.00610033	0.00240333	0.00156661	0.00315872	0.00183674	35.17601395	10.97382641	6.91714954	6.68724203	2.36450791	0.00248952	0.00361081	0.37844542	0.18922271	5.96202183	2.48690057	0.90726811	3.92303276	0.00191828	0.00801860	-0.01974140	
0.00000000	0.00000000	0.00000000	0.00000000	0.00000000	0.00000000	0.00000000	0.00000000	0.00000000	0.00000000	0.00000000	0.00000000	0.00000000	0.00000000	0.00000000	0.00000000	0.00000000	0.00000000	0.00000000	-0.00019966	-0.00417426	0.00000000	0.00183674	0.00137289	0.00219836	0.00153598	18.45446968	9.38470173	3.56356764	0.00000000	0.00000000	0.00000000	0.00000000	0.00000000	0.00000000	5.38755941	1.89708781	0.00000000	0.00000000	0.00000000	0.00000000	-0.01677383	
0.00000000	0.00000000	0.00000000	0.00000000	0.00000000	0.00000000	0.00000000	0.00000000	0.00000000	0.00000000	0.00000000	0.00000000	0.00000000	0.00000000	0.00000000	0.00000000	0.00000000	0.00000000	0.00000000	-0.00010934	-0.00219871	0.00000000	0.00183674	0.00137289	0.00219836	0.00153598	18.45446968	9.38470173	3.56356764	0.00000000	0.00000000	0.00000000	0.00000000	0.00000000	0.00000000	5.38755941	1.89708781	0.00000000	0.00000000	0.00000000	0.00000000	-0.01940226	
0.00000000	0.00000000	0.00000000	0.00000000	0.00000000	0.00000000	0.00000000	0.00000000	0.00000000	0.00000000	0.00000000	0.00000000	0.00000000	0.00000000	0.00000000	0.00000000	0.00000000	0.00000000	0.00000000	-0.00009106	-0.00178568	0.00000000	0.00183674	0.00137289	0.00219836	0.00153598	18.45446968	9.38470173	3.56356764	0.00000000	0.00000000	0.00000000	0.00000000	0.00000000	0.00000000	5.38755941	1.89708781	0.00000000	0.00000000	0.00000000	0.00000000	-0.02151377	
0.00000000	0.00000000	0.00000000	0.00000000	0.00000000	0.00000000	0.00000000	0.00000000	0.00000000	0.00000000	0.00000000	0.00000000	0.00000000	0.00000000	0.00000000	0.00000000	0.00000000	0.00000000	0.00000000	-0.00008094	-0.00183508	0.00000000	0.00183674	0.00137289	0.00219836	0.00153598	18.45446968	9.38470173	3.56356764	0.00000000	0.00000000	0.00000000	0.00000000	0.00000000	0.00000000	5.38755941	1.89708793	0.00000000	0.00000000	0.00000000	0.00000000	-0.01283797	
0.00000000	0.00000000	0.00000000	0.00000000	0.00000000	0.00000000	0.00000000	0.00000000	0.00000000	0.00000000	0.00000000	0.00000000	0.00000000	0.00000000	0.00000000	0.00000000	0.00000000	0.00000000	0.00000000	-0.00013728	-0.00320593	0.00000000	0.00183674	0.00137289	0.00219836	0.00153598	18.45446968	9.38470173	3.56356764	0.00000000	0.00000000	0.00000000	0.00000000	0.00000000	0.00000000	5.38755941	1.89708781	0.00000000	0.00000000	0.00000000	0.00000000	-0.01833356	
0.93418866	0.00000000	0.00058758	0.00000000	0.00058758	0.00000000	0.00009824	0.00000000	0.00051578	0.00000000	0.00002456	0.00000000	0.00012894	0.00725833	0.00725833	0.00121359	0.00637137	0.00030340	0.00159284	0.00187438	-0.00303111	0.00295972	0.00219017	0.00172029	0.00280769	0.00207472	29.15749550	10.07057285	5.66010380	3.52196288	1.71049488	0.00162809	0.00133162	0.14442918	0.07221459	5.74990797	2.84874773	0.32802626	0.60616237	0.00036469	0.00332441	-0.01717032	
6.74867821	0.00000000	0.00235425	0.00000000	0.00235425	0.00000000	0.00039363	0.00000000	0.00206656	0.00000000	0.00009841	0.00000000	0.00051664	0.00547664	0.00547664	0.00091569	0.00480739	0.00022892	0.00120185	0.00792889	0.00356289	0.01404244	0.00281123	0.00185873	0.00383198	0.00224157	68.68846130	14.63289928	11.02884007	11.02884007	3.28388786	0.00516537	0.00887707	0.73145968	0.36572984	8.32609367	3.28388786	0.99776876	5.75090933	0.00581894	0.01986139	-0.03192930	
7.70408773	0.00000000	0.00261364	0.00000000	0.00261364	0.00000000	0.00043700	0.00000000	0.00229425	0.00000000	0.00010925	0.00000000	0.00057356	0.00000000	0.00000000	0.00000000	0.00000000	0.00000000	0.00000000	0.00877483	0.00394126	0.01713613	0.00300258	0.00195344	0.00414341	0.00234972	83.69799805	16.29470062	12.27755547	12.27755547	3.04676557	0.00617865	0.01095748	1.00818741	0.50409371	9.36544228	3.04676557	0.99954897	6.70453835	0.00670088	0.02383702	-0.07394119	
7.67356777	0.00000000	0.00263201	0.00000000	0.00263201	0.00000000	0.00044007	0.00000000	0.00231038	0.00000000	0.00011002	0.00000000	0.00057760	0.00000000	0.00000000	0.00000000	0.00000000	0.00000000	0.00000000	0.00882487	0.00448959	0.01809246	0.00301301	0.00204116	0.00413863	0.00246634	98.13461304	16.43159866	13.17515469	13.17515469	3.37702441	0.00638972	0.01170274	1.18787777	0.59393889	9.75448704	3.37702441	0.99953508	6.67403269	0.00767941	0.02577187	-0.15987174	
7.64267111	0.00000000	0.00219599	0.00000000	0.00219599	0.00000000	0.00036717	0.00000000	0.00192764	0.00000000	0.00009179	0.00000000	0.00048191	0.00000000	0.00000000	0.00000000	0.00000000	0.00000000	0.00000000	0.00737326	0.00363412	0.01534422	0.00293862	0.00186890	0.00401524	0.00222418	79.84616852	16.11681747	11.59777641	11.59777641	2.83970332	0.00559744	0.00974678	1.01947927	0.50973964	9.17873287	2.83970332	0.99952048	6.64315081	0.00509347	0.02043769	-0.22403347	
7.58437538	0.00000000	0.00224554	0.00000000	0.00224554	0.00000000	0.00037545	0.00000000	0.00197113	0.00000000	0.00009386	0.00000000	0.00049278	0.00000000	0.00000000	0.00000000	0.00000000	0.00000000	0.00000000	0.00752802	0.00293497	0.01430648	0.00282674	0.00180342	0.00384263	0.00214162	74.96038055	15.28593731	11.63393784	11.63393784	3.00779390	0.00511412	0.00919236	0.82934159	0.41467080	8.63060093	3.00779390	0.99949014	6.58488369	0.00426529	0.01857177	-0.03051143	
4.39177513	0.00000000	0.00102000	0.00000000	0.00102000	0.00000000	0.00017054	0.00000000	0.00089536	0.00000000	0.00004264	0.00000000	0.00022384	0.00000000	0.00000000	0.00000000	0.00000000	0.00000000	0.00000000	0.00337281	-0.00108153	0.00621998	0.00254889	0.00181456	0.00341355	0.00220699	46.72805786	12.27694416	8.74546528	8.13057041	3.09829855	0.00269483	0.00352515	0.44831288	0.22415644	6.85632753	3.42566609	0.89734501	3.49442911	0.00288921	0.00910919	-0.02365773	
0.00000000	0.00000000	0.00000000	0.00000000	0.00000000	0.00000000	0.00000000	0.00000000	0.00000000	0.00000000	0.00000000	0.00000000	0.00000000	0.00000000	0.00000000	0.00000000	0.00000000	0.00000000	0.00000000	-0.00017164	-0.00408776	0.00000000	0.00227359	0.00186420	0.00292781	0.00225976	49.15038300	11.10159397	9.53088284	0.00000000	0.00000000	0.00000000	0.00000000	0.00000000	0.00000000	6.37601805	5.07419443	0.00000000	0.00000000	0.00000000	0.00000000	-0.01037315	
0.00000000	0.00000000	0.00000000	0.00000000	0.00000000	0.00000000	0.00000000	0.00000000	0.00000000	0.00000000	0.00000000	0.00000000	0.00000000	0.00000000	0.00000000	0.00000000	0.00000000	0.00000000	0.00000000	-0.00009562	-0.00210799	0.00000000	0.00227358	0.00186420	0.00292781	0.00225976	49.15038300	11.10159397	9.53088284	0.00000000	0.00000000	0.00000000	0.00000000	0.00000000	0.00000000	6.37601852	5.07419395	0.00000000	0.00000000	0.00000000	0.00000000	-0.02486235	
0.00000000	0.00000000	0.00000000	0.00000000	0.00000000	0.00000000	0.00000000	0.00000000	0.00000000	0.00000000	0.00000000	0.00000000	0.00000000	0.00000000	0.00000000	0.00000000	0.00000000	0.00000000	0.00000000	-0.00007741	-0.00170071	0.00000000	0.00227358	0.00186420	0.00292781	0.00225976	49.15038300	11.10159397	9.53088284	0.00000000	0.00000000	0.00000000	0.00000000	0.00000000	0.00000000	6.37601852	5.07419395	0.00000000	0.00000000	0.00000000	0.00000000	-0.02293476	
0.00000000	0.00000000	0.00000000	0.00000000	0.00000000	0.00000000	0.00000000	0.00000000	0.00000000	0.00000000	0.00000000	0.00000000	0.00000000	0.00000000	0.00000000	0.00000000	0.00000000	0.00000000	0.00000000	-0.00009005	-0.00178151	0.00000000	0.00227359	0.00186420	0.00292781	0.00225976	49.15038300	11.10159397	9.53088284	0.00000000	0.00000000	0.00000000	0.00000000	0.00000000	0.00000000	6.37601805	5.07419491	0.00000000	0.00000000	0.00000000	0.00000000	-0.01996811	
0.00000000	0.00000000	0.00000000	0.00000000	0.00000000	0.00000000	0.00000000	0.00000000	0.00000000	0.00000000	0.00000000	0.00000000	0.00000000	0.00000000	0.00000000	0.00000000	0.00000000	0.00000000	0.00000000	-0.00010720	-0.00252230	0.00000000	0.00227358	0.00186420	0.00292781	0.00225976	49.15038300	11.10159397	9.53088284	0.00000000	0.00000000	0.00000000	0.00000000	0.00000000	0.00000000	6.37601852	5.07419395	0.00000000	0.00000000	0.00000000	0.00000000	-0.02192139	
0.04310343	0.00000000	0.00002996	0.00000000	0.00002996	0.00000000	0.00000501	0.00000000	0.00002630	0.00000000	0.00000125	0.00000000	0.00000657	0.00211508	0.00211508	0.00035364	0.00185661	0.00008841	0.00046415	-0.00003788	-0.00393434	0.00016508	0.00230420	0.00189972	0.00298128	0.00231745	48.16607666	11.00290966	9.35900974	0.46351975	0.24354795	0.00013599	0.00002908	0.01974819	0.00987410	6.31080055	4.97946310	0.03095974	0.01214370	0.00000000	0.00016508	-0.02885266	
5.48471069	0.00000000	0.00211552	0.00000000	0.00211552	0.00000000	0.00035371	0.00000000	0.00185700	0.00000000	0.00008843	0.00000000	0.00046425	0.01085975	0.01085975	0.00181575	0.00953269	0.00045394	0.00238317	0.00714362	0.00210867	0.01253196	0.00277328	0.00192667	0.00377114	0.00235428	63.45592880	14.35753536	10.45716953	10.45716953	3.48641706	0.00506708	0.00746488	0.68690902	0.34345451	8.18110466	3.48641706	0.97044092	4.51427031	0.00436487	0.01689683	-0.02812357	
7.99814844	0.00000000	0.00274217	0.00000000	0.00274217	0.00000000	0.00045849	0.00000000	0.00240708	0.00000000	0.00011462	0.00000000	0.00060177	0.00006017	0.00006017	0.00001006	0.00005282	0.00000252	0.00001320	0.00920351	0.00393865	0.01741461	0.00298629	0.00192056	0.00412022	0.00230184	82.28759766	16.20794868	12.55044079	12.55044079	3.08337116	0.00617284	0.01124177	0.92199337	0.46099669	9.22576427	3.08337116	0.99966389	6.99848461	0.00717333	0.02458793	-0.03927537	
7.96806288	0.00000000	0.00271879	0.00000000	0.00271879	0.00000000	0.00045458	0.00000000	0.00238656	0.00000000	0.00011365	0.00000000	0.00059664	0.00000000	0.00000000	0.00000000	0.00000000	0.00000000	0.00000000	0.00911521	0.00335030	0.01891730	0.00298775	0.00197697	0.00409157	0.00237464	97.18756866	16.45658684	12.77007866	12.77007866	3.11175680	0.00664446	0.01227284	1.26155090	0.63077545	9.64570808	3.11175680	0.99965364	6.96840858	0.00640190	0.02531920	-0.03753959	
7.93597937	0.00000000	0.00263115	0.00000000	0.00263115	0.00000000	0.00043993	0.00000000	0.00230962	0.00000000	0.00010998	0.00000000	0.00057741	0.00000000	0.00000000	0.00000000	0.00000000	0.00000000	0.00000000	0.00880825	0.00263903	0.01702305	0.00294214	0.00184418	0.00403644	0.00219549	77.30789185	16.12657547	11.74830818	11.74830818	2.82857728	0.00611571	0.01090735	0.94231462	0.47115731	9.03616238	2.82857728	0.99964243	6.93633795	0.00381888	0.02084193	-0.01759609	
7.89107800	0.00000000	0.00188194	0.00000000	0.00188194	0.00000000	0.00031466	0.00000000	0.00165196	0.00000000	0.00007866	0.00000000	0.00041299	0.00000000	0.00000000	0.00000000	0.00000000	0.00000000	0.00000000	0.00632425	0.00060269	0.01275026	0.00264486	0.00148265	0.00352872	0.00169840	52.88962173	14.61366844	8.83654213	8.83654213	2.02741122	0.00469840	0.00805186	0.74457043	0.37228522	7.63239527	2.02741122	0.99962550	6.89145184	0.00107367	0.01382393	-0.01018802	
4.71483135	0.00000000	0.00096452	0.00000000	0.00096452	0.00000000	0.00016127	0.00000000	0.00084666	0.00000000	0.00004032	0.00000000	0.00021166	0.00000000	0.00000000	0.00000000	0.00000000	0.00000000	0.00000000	0.00326952	-0.00208991	0.00611234	0.00229734	0.00149503	0.00300454	0.00175402	37.33815384	11.12463760	7.04304457	6.89347315	2.34758306	0.00254223	0.00357011	0.41351289	0.20675644	6.00553799	2.42288089	0.90521532	3.80961537	0.00215622	0.00826856	-0.00554937	
0.00000000	0.00000000	0.00000000	0.00000000	0.00000000	0.00000000	0.00000000	0.00000000	0.00000000	0.00000000	0.00000000	0.00000000	0.00000000	0.00000000	0.00000000	0.00000000	0.00000000	0.00000000	0.00000000	-0.00019921	-0.00441726	0.00000000	0.00108321	0.00078290	0.00116964	0.00079872	10.25975418	4.02769518	2.31835938	0.00000000	0.00000000	0.00000000	0.00000000	0.00000000	0.00000000	2.04516578	1.16711462	0.00000000	0.00000000	0.00000000	0.00000000	-0.00906265	
0.00000000	0.00000000	0.00000000	0.00000000	0.00000000	0.00000000	0.00000000	0.00000000	0.00000000	0.00000000	0.00000000	0.00000000	0.00000000	0.00000000	0.00000000	0.00000000	0.00000000	0.00000000	0.00000000	-0.00012986	-0.00325194	0.00000000	0.00108321	0.00078290	0.00116964	0.00079872	10.25975513	4.02769518	2.31835938	0.00000000	0.00000000	0.00000000	0.00000000	0.00000000	0.00000000	2.04516578	1.16711462	0.00000000	0.00000000	0.00000000	0.00000000	-0.01114837	
