0.00000000	0.00000000	0.00000000	0.00000000	0.00000000	0.00000000	0.00000000	0.00000000	0.00000000	0.00000000	0.00000000	0.00000000	0.00000000	0.00000000	0.00000000	0.00000000	0.00000000	0.00000000	0.00000000	-0.00010421	-0.00241885	0.00000000	0.00000000	0.00078290	0.00000000	0.00079871	10.26018143	4.03971052	2.31969523	0.00000000	0.00000000	0.00000000	0.00000000	0.00000000	0.00000000	2.05062461	1.16773832	0.00000000	0.00000000	0.00000000	0.00000000	-0.00519502	
0.00000000	0.00000000	0.00000000	0.00000000	0.00000000	0.00000000	0.00000000	0.00000000	0.00000000	0.00000000	0.00000000	0.00000000	0.00000000	0.00000000	0.00000000	0.00000000	0.00000000	0.00000000	0.00000000	-0.00008594	-0.00187986	0.00000000	0.00000000	0.00078290	0.00000000	0.00079871	10.26017952	4.03971052	2.31969523	0.00000000	0.00000000	0.00000000	0.00000000	0.00000000	0.00000000	2.05062461	1.16773808	0.00000000	0.00000000	0.00000000	0.00000000	-0.00494904	
0.00000000	0.00000000	0.00000000	0.00000000	0.00000000	0.00000000	0.00000000	0.00000000	0.00000000	0.00000000	0.00000000	0.00000000	0.00000000	0.00000000	0.00000000	0.00000000	0.00000000	0.00000000	0.00000000	-0.00009973	-0.00213399	0.00000000	0.00000000	0.00078290	0.00000000	0.00079871	10.26018143	4.03971052	2.31969523	0.00000000	0.00000000	0.00000000	0.00000000	0.00000000	0.00000000	2.05062461	1.16773832	0.00000000	0.00000000	0.00000000	0.00000000	-0.00476714	
0.34096256	0.00000000	0.00029212	0.00000000	0.00029212	0.00000000	0.00004884	0.00000000	0.00025642	0.00000000	0.00001221	0.00000000	0.00006411	0.00466312	0.00466312	0.00077967	0.00409329	0.00019492	0.00102332	0.00087285	-0.00374798	0.00148157	0.00065855	0.00116734	0.00090503	0.00135415	21.44622993	5.89314032	4.16532707	2.38286972	1.27237511	0.00098983	0.00049174	0.10722344	0.05361172	3.22873425	2.16764116	0.16477451	0.17618804	0.00000000	0.00148157	-0.00439316	
5.80896807	0.00000000	0.00231067	0.00000000	0.00231067	0.00000000	0.00038634	0.00000000	0.00202830	0.00000000	0.00009659	0.00000000	0.00050708	0.00731139	0.00731139	0.00122246	0.00641794	0.00030562	0.00160448	0.00778608	0.00369761	0.01269256	0.00277684	0.00192894	0.00379691	0.00235743	60.63710403	13.56850910	10.63939095	10.63939095	3.61232805	0.00485140	0.00784116	0.55588806	0.27794403	7.71439600	3.61232805	0.99138552	4.81758308	0.00564229	0.01833485	-0.00536286	
7.29144764	0.00000000	0.00270516	0.00000000	0.00270516	0.00000000	0.00045230	0.00000000	0.00237459	0.00000000	0.00011308	0.00000000	0.00059365	0.00000000	0.00000000	0.00000000	0.00000000	0.00000000	0.00000000	0.00907863	0.00383578	0.01727695	0.00300978	0.00200987	0.00415381	0.00243417	85.98001862	16.06870270	12.34033680	12.34033680	3.24540639	0.00626802	0.01100893	1.02111292	0.51055646	9.37460041	3.24540639	0.99931878	6.29212952	0.00649328	0.02377023	-0.00990703	
7.26256275	0.00000000	0.00274222	0.00000000	0.00274222	0.00000000	0.00045850	0.00000000	0.00240712	0.00000000	0.00011462	0.00000000	0.00060178	0.00000000	0.00000000	0.00000000	0.00000000	0.00000000	0.00000000	0.00919035	0.00411189	0.01768600	0.00304168	0.00203564	0.00420507	0.00246931	87.50713348	16.29356194	12.39318085	12.39318085	3.24250078	0.00644649	0.01123950	1.06023943	0.53011972	9.54188061	3.24250078	0.99929863	6.26326418	0.00567803	0.02336402	-0.01839176	
7.23332119	0.00000000	0.00256651	0.00000000	0.00256651	0.00000000	0.00042912	0.00000000	0.00225288	0.00000000	0.00010728	0.00000000	0.00056322	0.00000000	0.00000000	0.00000000	0.00000000	0.00000000	0.00000000	0.00859929	0.00433171	0.01618642	0.00301097	0.00203645	0.00417000	0.00248170	86.61735535	16.03796768	12.83490944	12.83490944	3.47638130	0.00583064	0.01035579	0.93083632	0.46541816	9.36323452	3.47638130	0.99927783	6.23404312	0.00632417	0.02251059	-0.02462396	
7.18604946	0.00000000	0.00214077	0.00000000	0.00214077	0.00000000	0.00035794	0.00000000	0.00187917	0.00000000	0.00008948	0.00000000	0.00046979	0.00000000	0.00000000	0.00000000	0.00000000	0.00000000	0.00000000	0.00718255	0.00290168	0.01357893	0.00281775	0.00179676	0.00383576	0.00214485	69.60777283	15.05898094	10.97893620	10.97893620	2.94813776	0.00494736	0.00863156	0.79116666	0.39558333	8.43456745	2.94813776	0.99924177	6.18680668	0.00366524	0.01724417	-0.01149127	
4.22621202	0.00000000	0.00103855	0.00000000	0.00103855	0.00000000	0.00017365	0.00000000	0.00091164	0.00000000	0.00004341	0.00000000	0.00022791	0.00000000	0.00000000	0.00000000	0.00000000	0.00000000	0.00000000	0.00351190	-0.00026023	0.00625675	0.00254028	0.00179849	0.00339212	0.00216750	41.24072266	11.32059479	7.84221935	7.66003036	2.82386732	0.00264167	0.00361508	0.41807923	0.20903961	6.27146864	2.91754603	0.89432585	3.33188605	0.00273596	0.00899271	-0.01096575	
0.00000000	0.00000000	0.00000000	0.00000000	0.00000000	0.00000000	0.00000000	0.00000000	0.00000000	0.00000000	0.00000000	0.00000000	0.00000000	0.00000000	0.00000000	0.00000000	0.00000000	0.00000000	0.00000000	-0.00016519	-0.00349959	0.00000000	0.00182885	0.00141986	0.00222091	0.00162000	12.74230003	5.35374498	2.82393575	0.00000000	0.00000000	0.00000000	0.00000000	0.00000000	0.00000000	2.77106953	1.45201755	0.00000000	0.00000000	0.00000000	0.00000000	-0.00652210	
0.00000000	0.00000000	0.00000000	0.00000000	0.00000000	0.00000000	0.00000000	0.00000000	0.00000000	0.00000000	0.00000000	0.00000000	0.00000000	0.00000000	0.00000000	0.00000000	0.00000000	0.00000000	0.00000000	-0.00010524	-0.00206804	0.00000000	0.00182885	0.00141986	0.00222091	0.00162000	12.74230099	5.35374498	2.82393575	0.00000000	0.00000000	0.00000000	0.00000000	0.00000000	0.00000000	2.77106977	1.45201766	0.00000000	0.00000000	0.00000000	0.00000000	-0.00559563	
0.00000000	0.00000000	0.00000000	0.00000000	0.00000000	0.00000000	0.00000000	0.00000000	0.00000000	0.00000000	0.00000000	0.00000000	0.00000000	0.00000000	0.00000000	0.00000000	0.00000000	0.00000000	0.00000000	-0.00007263	-0.00163254	0.00000000	0.00182885	0.00141986	0.00222091	0.00162000	12.74230099	5.35374498	2.82393575	0.00000000	0.00000000	0.00000000	0.00000000	0.00000000	0.00000000	2.77106977	1.45201766	0.00000000	0.00000000	0.00000000	0.00000000	-0.00658430	
0.00000000	0.00000000	0.00000000	0.00000000	0.00000000	0.00000000	0.00000000	0.00000000	0.00000000	0.00000000	0.00000000	0.00000000	0.00000000	0.00000000	0.00000000	0.00000000	0.00000000	0.00000000	0.00000000	-0.00008752	-0.00169880	0.00000000	0.00182885	0.00141986	0.00222091	0.00162000	12.74230003	5.35374498	2.82393575	0.00000000	0.00000000	0.00000000	0.00000000	0.00000000	0.00000000	2.77106929	1.45201755	0.00000000	0.00000000	0.00000000	0.00000000	-0.00524794	
0.00000000	0.00000000	0.00000000	0.00000000	0.00000000	0.00000000	0.00000000	0.00000000	0.00000000	0.00000000	0.00000000	0.00000000	0.00000000	0.00000000	0.00000000	0.00000000	0.00000000	0.00000000	0.00000000	-0.00011146	-0.00252349	0.00000000	0.00182885	0.00141986	0.00222091	0.00162000	12.74230099	5.35374498	2.82393575	0.00000000	0.00000000	0.00000000	0.00000000	0.00000000	0.00000000	2.77106977	1.45201766	0.00000000	0.00000000	0.00000000	0.00000000	-0.00492515	
0.08642323	0.00000000	0.00010511	0.00000000	0.00010511	0.00000000	0.00001757	0.00000000	0.00009226	0.00000000	0.00000439	0.00000000	0.00002307	0.00281315	0.00281315	0.00047036	0.00246938	0.00011759	0.00061735	0.00023198	-0.00409868	0.00053787	0.00192422	0.00152854	0.00237403	0.00178280	19.78574562	6.07251883	3.76862311	1.20901346	0.71568036	0.00041207	0.00012580	0.06143596	0.03071798	3.28048754	2.02632523	0.05532050	0.03110273	0.00000000	0.00053787	-0.00500524	
5.76989031	0.00000000	0.00222740	0.00000000	0.00222740	0.00000000	0.00037242	0.00000000	0.00195521	0.00000000	0.00009311	0.00000000	0.00048880	0.01037907	0.01037907	0.00173538	0.00911075	0.00043385	0.00227769	0.00750638	0.00268174	0.01276467	0.00274376	0.00187835	0.00371724	0.00226890	61.51051712	13.99636364	10.33205128	10.33205128	3.37462258	0.00496173	0.00780294	0.63500911	0.31750455	7.97338152	3.37462258	0.98013514	4.78975391	0.00495621	0.01772088	-0.00516573	
8.09472942	0.00000000	0.00238659	0.00000000	0.00238659	0.00000000	0.00039904	0.00000000	0.00209495	0.00000000	0.00009976	0.00000000	0.00052374	0.00002030	0.00002030	0.00000339	0.00001782	0.00000085	0.00000445	0.00802133	0.00308732	0.01552418	0.00283051	0.00172797	0.00385834	0.00204616	72.11847687	15.40041161	11.08738708	11.08738708	2.65834427	0.00554436	0.00997981	0.84493124	0.42246562	8.45922947	2.65834427	0.99969488	7.09503317	0.00618906	0.02171323	-0.00955802	
8.06306458	0.00000000	0.00265720	0.00000000	0.00265720	0.00000000	0.00044428	0.00000000	0.00233249	0.00000000	0.00011107	0.00000000	0.00058312	0.00000000	0.00000000	0.00000000	0.00000000	0.00000000	0.00000000	0.00890554	0.00433389	0.01691328	0.00298457	0.00189855	0.00411897	0.00226956	80.64218140	16.04596329	12.39560795	12.39560795	3.00022244	0.00601351	0.01089976	0.89173877	0.44586939	9.08151436	3.00022244	0.99968499	7.06338024	0.00683409	0.02374736	-0.01299667	
8.03060055	0.00000000	0.00243517	0.00000000	0.00243517	0.00000000	0.00040716	0.00000000	0.00213759	0.00000000	0.00010179	0.00000000	0.00053440	0.00000000	0.00000000	0.00000000	0.00000000	0.00000000	0.00000000	0.00816144	0.00335215	0.01660641	0.00296703	0.00186281	0.00407794	0.00221865	80.05311584	16.11643410	11.68284416	11.68284416	2.72537994	0.00598123	0.01062518	1.01656783	0.50828391	9.08853245	2.72537994	0.99967462	7.03092670	0.00419922	0.02080562	-0.01916163	
7.98516226	0.00000000	0.00192570	0.00000000	0.00192570	0.00000000	0.00032198	0.00000000	0.00169038	0.00000000	0.00008049	0.00000000	0.00042260	0.00000000	0.00000000	0.00000000	0.00000000	0.00000000	0.00000000	0.00646837	0.00263558	0.01262081	0.00271129	0.00161313	0.00366539	0.00189310	61.87799072	14.66426754	10.28080750	10.28080750	2.53068328	0.00449749	0.00812332	0.70076048	0.35038024	7.85450935	2.53068328	0.99965918	6.98550367	0.00394517	0.01656598	-0.01326640	
4.77104568	0.00000000	0.00097033	0.00000000	0.00097033	0.00000000	0.00016224	0.00000000	0.00085175	0.00000000	0.00004056	0.00000000	0.00021294	0.00000000	0.00000000	0.00000000	0.00000000	0.00000000	0.00000000	0.00327313	-0.00047803	0.00591574	0.00240333	0.00157234	0.00315872	0.00184488	35.14685059	10.96085930	6.91216183	6.68227816	2.37770700	0.00242645	0.00348929	0.37773681	0.18886840	5.96145535	2.50026298	0.90622872	3.86481690	0.00205781	0.00797355	-0.00557552	
0.00000000	0.00000000	0.00000000	0.00000000	0.00000000	0.00000000	0.00000000	0.00000000	0.00000000	0.00000000	0.00000000	0.00000000	0.00000000	0.00000000	0.00000000	0.00000000	0.00000000	0.00000000	0.00000000	-0.00019531	-0.00416422	0.00000000	0.00183674	0.00137353	0.00219836	0.00153684	18.44965172	9.37461472	3.56319451	0.00000000	0.00000000	0.00000000	0.00000000	0.00000000	0.00000000	5.38207960	1.89961934	0.00000000	0.00000000	0.00000000	0.00000000	-0.00507719	
0.00000000	0.00000000	0.00000000	0.00000000	0.00000000	0.00000000	0.00000000	0.00000000	0.00000000	0.00000000	0.00000000	0.00000000	0.00000000	0.00000000	0.00000000	0.00000000	0.00000000	0.00000000	0.00000000	-0.00010697	-0.00221851	0.00000000	0.00183674	0.00137353	0.00219836	0.00153684	18.44965172	9.37461376	3.56319451	0.00000000	0.00000000	0.00000000	0.00000000	0.00000000	0.00000000	5.38207960	1.89961934	0.00000000	0.00000000	0.00000000	0.00000000	-0.00561221	
0.00000000	0.00000000	0.00000000	0.00000000	0.00000000	0.00000000	0.00000000	0.00000000	0.00000000	0.00000000	0.00000000	0.00000000	0.00000000	0.00000000	0.00000000	0.00000000	0.00000000	0.00000000	0.00000000	-0.00008909	-0.00180961	0.00000000	0.00183674	0.00137353	0.00219836	0.00153684	18.44965172	9.37461376	3.56319451	0.00000000	0.00000000	0.00000000	0.00000000	0.00000000	0.00000000	5.38207960	1.89961934	0.00000000	0.00000000	0.00000000	0.00000000	-0.00620560	
0.00000000	0.00000000	0.00000000	0.00000000	0.00000000	0.00000000	0.00000000	0.00000000	0.00000000	0.00000000	0.00000000	0.00000000	0.00000000	0.00000000	0.00000000	0.00000000	0.00000000	0.00000000	0.00000000	-0.00007921	-0.00177451	0.00000000	0.00183674	0.00137353	0.00219836	0.00153684	18.44965172	9.37461567	3.56319451	0.00000000	0.00000000	0.00000000	0.00000000	0.00000000	0.00000000	5.38207960	1.89961922	0.00000000	0.00000000	0.00000000	0.00000000	-0.00500309	
0.00000000	0.00000000	0.00000000	0.00000000	0.00000000	0.00000000	0.00000000	0.00000000	0.00000000	0.00000000	0.00000000	0.00000000	0.00000000	0.00000000	0.00000000	0.00000000	0.00000000	0.00000000	0.00000000	-0.00013437	-0.00321804	0.00000000	0.00183674	0.00137353	0.00219836	0.00153684	18.44965172	9.37461376	3.56319451	0.00000000	0.00000000	0.00000000	0.00000000	0.00000000	0.00000000	5.38207960	1.89961934	0.00000000	0.00000000	0.00000000	0.00000000	-0.00534938	
0.90498680	0.00000000	0.00056824	0.00000000	0.00056824	0.00000000	0.00009501	0.00000000	0.00049880	0.00000000	0.00002375	0.00000000	0.00012470	0.00703145	0.00703145	0.00117566	0.00617220	0.00029391	0.00154305	0.00181164	-0.00302034	0.00286407	0.00219017	0.00172356	0.00280769	0.00207997	29.08780479	10.04705906	5.64863110	3.51071477	1.71344137	0.00159804	0.00126602	0.14357476	0.07178738	5.73691988	2.85321259	0.32524362	0.57974321	0.00037675	0.00324082	-0.00515485	
6.53772068	0.00000000	0.00226769	0.00000000	0.00226769	0.00000000	0.00037916	0.00000000	0.00199058	0.00000000	0.00009479	0.00000000	0.00049764	0.00530544	0.00530544	0.00088707	0.00465712	0.00022177	0.00116428	0.00763910	0.00334959	0.01355111	0.00281123	0.00187900	0.00383198	0.00227206	68.60111237	14.60358620	11.01905251	11.01905251	3.36006021	0.00503189	0.00851922	0.72843117	0.36421558	8.34822273	3.36006021	0.99735206	5.54036951	0.00609492	0.01964603	-0.01070565	
7.46326590	0.00000000	0.00257914	0.00000000	0.00257914	0.00000000	0.00043123	0.00000000	0.00226397	0.00000000	0.00010781	0.00000000	0.00056599	0.00000000	0.00000000	0.00000000	0.00000000	0.00000000	0.00000000	0.00865748	0.00358118	0.01680730	0.00300258	0.00197698	0.00414341	0.00238543	83.63528442	16.27009392	12.27304363	12.27304363	3.13797259	0.00610127	0.01070603	1.00447965	0.50223982	9.40740013	3.13797259	0.99942613	6.46383858	0.00684526	0.02365256	-0.01806645	
7.43369913	0.00000000	0.00272246	0.00000000	0.00272246	0.00000000	0.00045520	0.00000000	0.00238978	0.00000000	0.00011380	0.00000000	0.00059744	0.00000000	0.00000000	0.00000000	0.00000000	0.00000000	0.00000000	0.00912089	0.00406618	0.01827336	0.00301301	0.00206407	0.00413863	0.00250150	98.06645203	16.40822029	13.17119503	13.17119503	3.47830892	0.00649880	0.01177456	1.18349433	0.59174716	9.79572201	3.47830892	0.99940902	6.43429089	0.00729369	0.02556704	-0.02630951	
7.40376902	0.00000000	0.00234364	0.00000000	0.00234364	0.00000000	0.00039186	0.00000000	0.00205725	0.00000000	0.00009796	0.00000000	0.00051431	0.00000000	0.00000000	0.00000000	0.00000000	0.00000000	0.00000000	0.00785863	0.00330677	0.01579761	0.00293862	0.00189218	0.00401524	0.00225877	79.79229736	16.09285545	11.59451962	11.59451962	2.92635298	0.00579712	0.01000049	1.01570475	0.50785238	9.22436905	2.92635298	0.99939102	6.40437651	0.00448454	0.02028215	-0.03025297	
7.34729576	0.00000000	0.00220493	0.00000000	0.00220493	0.00000000	0.00036866	0.00000000	0.00193548	0.00000000	0.00009217	0.00000000	0.00048387	0.00000000	0.00000000	0.00000000	0.00000000	0.00000000	0.00000000	0.00739118	0.00340261	0.01398900	0.00282674	0.00182567	0.00384263	0.00217461	74.88947296	15.26080990	11.62710381	11.62710381	3.09301424	0.00503788	0.00895112	0.82625270	0.41312635	8.66689396	3.09301424	0.99935400	6.34794140	0.00442814	0.01841714	-0.01443002	
4.25449324	0.00000000	0.00097051	0.00000000	0.00097051	0.00000000	0.00016227	0.00000000	0.00085191	0.00000000	0.00004057	0.00000000	0.00021298	0.00000000	0.00000000	0.00000000	0.00000000	0.00000000	0.00000000	0.00321045	-0.00078417	0.00595227	0.00254889	0.00182774	0.00341355	0.00222685	46.62408829	12.24030399	8.72910976	8.11574650	3.13745642	0.00261319	0.00333908	0.44605666	0.22302833	6.85200214	3.46432614	0.89425731	3.36023498	0.00301216	0.00896443	-0.01238442	
0.00000000	0.00000000	0.00000000	0.00000000	0.00000000	0.00000000	0.00000000	0.00000000	0.00000000	0.00000000	0.00000000	0.00000000	0.00000000	0.00000000	0.00000000	0.00000000	0.00000000	0.00000000	0.00000000	-0.00016693	-0.00363110	0.00000000	0.00227359	0.00186561	0.00292781	0.00226194	49.01148224	11.06744480	9.50714207	0.00000000	0.00000000	0.00000000	0.00000000	0.00000000	0.00000000	6.35357618	5.06648302	0.00000000	0.00000000	0.00000000	0.00000000	-0.00615369	
0.00000000	0.00000000	0.00000000	0.00000000	0.00000000	0.00000000	0.00000000	0.00000000	0.00000000	0.00000000	0.00000000	0.00000000	0.00000000	0.00000000	0.00000000	0.00000000	0.00000000	0.00000000	0.00000000	-0.00009299	-0.00203459	0.00000000	0.00227358	0.00186561	0.00292781	0.00226194	49.01148224	11.06744480	9.50714207	0.00000000	0.00000000	0.00000000	0.00000000	0.00000000	0.00000000	6.35357618	5.06648302	0.00000000	0.00000000	0.00000000	0.00000000	-0.00717371	
0.00000000	0.00000000	0.00000000	0.00000000	0.00000000	0.00000000	0.00000000	0.00000000	0.00000000	0.00000000	0.00000000	0.00000000	0.00000000	0.00000000	0.00000000	0.00000000	0.00000000	0.00000000	0.00000000	-0.00007527	-0.00170671	0.00000000	0.00227358	0.00186561	0.00292781	0.00226194	49.01148224	11.06744480	9.50714207	0.00000000	0.00000000	0.00000000	0.00000000	0.00000000	0.00000000	6.35357618	5.06648302	0.00000000	0.00000000	0.00000000	0.00000000	-0.00624592	
0.00000000	0.00000000	0.00000000	0.00000000	0.00000000	0.00000000	0.00000000	0.00000000	0.00000000	0.00000000	0.00000000	0.00000000	0.00000000	0.00000000	0.00000000	0.00000000	0.00000000	0.00000000	0.00000000	-0.00008756	-0.00180029	0.00000000	0.00227359	0.00186561	0.00292781	0.00226194	49.01148224	11.06744480	9.50714207	0.00000000	0.00000000	0.00000000	0.00000000	0.00000000	0.00000000	6.35357618	5.06648302	0.00000000	0.00000000	0.00000000	0.00000000	-0.00531210	
0.00000000	0.00000000	0.00000000	0.00000000	0.00000000	0.00000000	0.00000000	0.00000000	0.00000000	0.00000000	0.00000000	0.00000000	0.00000000	0.00000000	0.00000000	0.00000000	0.00000000	0.00000000	0.00000000	-0.00010422	-0.00258297	0.00000000	0.00227358	0.00186561	0.00292781	0.00226194	49.01148224	11.06744480	9.50714207	0.00000000	0.00000000	0.00000000	0.00000000	0.00000000	0.00000000	6.35357618	5.06648302	0.00000000	0.00000000	0.00000000	0.00000000	-0.00519113	
0.04314004	0.00000000	0.00003012	0.00000000	0.00003012	0.00000000	0.00000504	0.00000000	0.00002644	0.00000000	0.00000126	0.00000000	0.00000661	0.00211687	0.00211687	0.00035394	0.00185819	0.00008849	0.00046455	-0.00003352	-0.00414839	0.00016521	0.00230420	0.00190103	0.00298128	0.00231948	48.03656769	10.97108459	9.33687687	0.46354336	0.24355190	0.00013608	0.00002913	0.01975029	0.00987515	6.28988457	4.97226906	0.03097800	0.01216203	0.00000000	0.00016521	-0.00519600	
5.48936892	0.00000000	0.00206787	0.00000000	0.00206787	0.00000000	0.00034575	0.00000000	0.00181518	0.00000000	0.00008644	0.00000000	0.00045379	0.01086897	0.01086897	0.00181729	0.00954079	0.00045432	0.00238520	0.00698212	0.00214773	0.01231968	0.00277328	0.00192621	0.00377114	0.00235359	63.45861053	14.35843277	10.45750332	10.45750332	3.48477411	0.00498697	0.00733271	0.68699116	0.34349558	8.18071938	3.48477411	0.97049594	4.51887274	0.00458276	0.01690244	-0.00909417	
8.00494003	0.00000000	0.00261210	0.00000000	0.00261210	0.00000000	0.00043674	0.00000000	0.00229290	0.00000000	0.00010919	0.00000000	0.00057323	0.00006022	0.00006022	0.00001007	0.00005286	0.00000252	0.00001322	0.00876984	0.00415749	0.01684942	0.00298629	0.00191992	0.00412022	0.00230087	82.28946686	16.20859909	12.55060101	12.55060101	3.08093238	0.00597192	0.01087750	0.92208010	0.46104005	9.22462273	3.08093238	0.99966621	7.00527430	0.00774338	0.02459279	-0.02436263	
7.97482777	0.00000000	0.00256113	0.00000000	0.00256113	0.00000000	0.00042822	0.00000000	0.00224816	0.00000000	0.00010706	0.00000000	0.00056204	0.00000000	0.00000000	0.00000000	0.00000000	0.00000000	0.00000000	0.00859058	0.00351789	0.01823407	0.00298775	0.00197634	0.00409157	0.00237370	97.18917084	16.45716858	12.77015400	12.77015400	3.10913992	0.00640592	0.01182815	1.26167023	0.63083512	9.64440632	3.10913992	0.99965596	6.97517252	0.00708999	0.02532405	-0.02206058	
7.94271803	0.00000000	0.00247498	0.00000000	0.00247498	0.00000000	0.00041382	0.00000000	0.00217254	0.00000000	0.00010345	0.00000000	0.00054314	0.00000000	0.00000000	0.00000000	0.00000000	0.00000000	0.00000000	0.00828902	0.00298674	0.01634784	0.00294214	0.00184354	0.00403644	0.00219455	77.30949402	16.12721062	11.74843121	11.74843121	2.82628512	0.00587561	0.01047223	0.94240373	0.47120187	9.03490448	2.82628512	0.99964476	6.94307327	0.00449811	0.02084596	-0.01111594	
7.89777851	0.00000000	0.00179428	0.00000000	0.00179428	0.00000000	0.00030000	0.00000000	0.00157502	0.00000000	0.00007500	0.00000000	0.00039375	0.00000000	0.00000000	0.00000000	0.00000000	0.00000000	0.00000000	0.00603172	0.00109678	0.01237047	0.00264486	0.00148205	0.00352872	0.00169757	52.89072418	14.61428261	8.83665085	8.83665085	2.02574444	0.00456277	0.00780770	0.74464113	0.37232056	7.63105726	2.02574444	0.99962795	6.89815044	0.00145611	0.01382659	-0.00580362	
4.71883345	0.00000000	0.00088804	0.00000000	0.00088804	0.00000000	0.00014848	0.00000000	0.00077952	0.00000000	0.00003712	0.00000000	0.00019488	0.00000000	0.00000000	0.00000000	0.00000000	0.00000000	0.00000000	0.00301424	-0.00136905	0.00578066	0.00229734	0.00149466	0.00300454	0.00175348	37.34008408	11.12549782	7.04334164	6.89375257	2.34653664	0.00241457	0.00336609	0.41356561	0.20678280	6.00539160	2.42184281	0.90528846	3.81354570	0.00249085	0.00827151	-0.00574209	
0.00000000	0.00000000	0.00000000	0.00000000	0.00000000	0.00000000	0.00000000	0.00000000	0.00000000	0.00000000	0.00000000	0.00000000	0.00000000	0.00000000	0.00000000	0.00000000	0.00000000	0.00000000	0.00000000	-0.00019790	-0.00388243	0.00000000	0.00108321	0.00078288	0.00116964	0.00079869	10.26095676	4.02819109	2.31862926	0.00000000	0.00000000	0.00000000	0.00000000	0.00000000	0.00000000	2.04542089	1.16724050	0.00000000	0.00000000	0.00000000	0.00000000	-0.00533480	
0.00000000	0.00000000	0.00000000	0.00000000	0.00000000	0.00000000	0.00000000	0.00000000	0.00000000	0.00000000	0.00000000	0.00000000	0.00000000	0.00000000	0.00000000	0.00000000	0.00000000	0.00000000	0.00000000	-0.00012904	-0.00298342	0.00000000	0.00108321	0.00078288	0.00116964	0.00079869	10.26095676	4.02819109	2.31862903	0.00000000	0.00000000	0.00000000	0.00000000	0.00000000	0.00000000	2.04542089	1.16724050	0.00000000	0.00000000	0.00000000	0.00000000	-0.00528940	
