0.00000000	0.00000000	0.00000000	0.00000000	0.00000000	0.00000000	0.00000000	0.00000000	0.00000000	0.00000000	0.00000000	0.00000000	0.00000000	0.00000000	0.00000000	0.00000000	0.00000000	0.00000000	0.00000000	-0.00010561	-0.00238657	0.00000000	0.00000000	0.00078250	0.00000000	0.00079824	10.27793503	4.04705048	2.32366967	0.00000000	0.00000000	0.00000000	0.00000000	0.00000000	0.00000000	2.05439353	1.16959548	0.00000000	0.00000000	0.00000000	0.00000000	-0.00230632	
0.00000000	0.00000000	0.00000000	0.00000000	0.00000000	0.00000000	0.00000000	0.00000000	0.00000000	0.00000000	0.00000000	0.00000000	0.00000000	0.00000000	0.00000000	0.00000000	0.00000000	0.00000000	0.00000000	-0.00008710	-0.00185480	0.00000000	0.00000000	0.00078250	0.00000000	0.00079824	10.27793694	4.04705048	2.32366967	0.00000000	0.00000000	0.00000000	0.00000000	0.00000000	0.00000000	2.05439353	1.16959572	0.00000000	0.00000000	0.00000000	0.00000000	-0.00219065	
0.00000000	0.00000000	0.00000000	0.00000000	0.00000000	0.00000000	0.00000000	0.00000000	0.00000000	0.00000000	0.00000000	0.00000000	0.00000000	0.00000000	0.00000000	0.00000000	0.00000000	0.00000000	0.00000000	-0.00010107	-0.00209931	0.00000000	0.00000000	0.00078250	0.00000000	0.00079824	10.27793503	4.04705048	2.32366967	0.00000000	0.00000000	0.00000000	0.00000000	0.00000000	0.00000000	2.05439353	1.16959548	0.00000000	0.00000000	0.00000000	0.00000000	-0.00216439	
0.34697357	0.00000000	0.00029652	0.00000000	0.00029652	0.00000000	0.00004958	0.00000000	0.00026029	0.00000000	0.00001239	0.00000000	0.00006507	0.00474533	0.00474533	0.00079342	0.00416545	0.00019835	0.00104136	0.00088625	-0.00359916	0.00150421	0.00065855	0.00116646	0.00090503	0.00135283	21.47901726	5.90392828	4.17118263	2.38581514	1.27184212	0.00099905	0.00050516	0.10754304	0.05377152	3.23493814	2.16853213	0.16597643	0.18099715	0.00000000	0.00150421	-0.00196699	
5.91137791	0.00000000	0.00227989	0.00000000	0.00227989	0.00000000	0.00038120	0.00000000	0.00200129	0.00000000	0.00009530	0.00000000	0.00050032	0.00744029	0.00744029	0.00124402	0.00653109	0.00031100	0.00163277	0.00768667	0.00364711	0.01260798	0.00277684	0.00191888	0.00379691	0.00234200	60.70066452	13.58740520	10.64821053	10.64821053	3.57574606	0.00479079	0.00781719	0.55727828	0.27863914	7.71150255	3.57574606	0.99194831	4.91942978	0.00586039	0.01846837	-0.00260691	
7.41999245	0.00000000	0.00268477	0.00000000	0.00268477	0.00000000	0.00044889	0.00000000	0.00235669	0.00000000	0.00011222	0.00000000	0.00058917	0.00000000	0.00000000	0.00000000	0.00000000	0.00000000	0.00000000	0.00901335	0.00367082	0.01728751	0.00300978	0.00199718	0.00415381	0.00241477	86.01596069	16.08241653	12.34283161	12.34283161	3.19429016	0.00624681	0.01104070	1.02323961	0.51161981	9.35354519	3.19429016	0.99940085	6.42059183	0.00658995	0.02387746	-0.00480321	
7.39059830	0.00000000	0.00275059	0.00000000	0.00275059	0.00000000	0.00045990	0.00000000	0.00241447	0.00000000	0.00011497	0.00000000	0.00060362	0.00000000	0.00000000	0.00000000	0.00000000	0.00000000	0.00000000	0.00921998	0.00397891	0.01782465	0.00304168	0.00202285	0.00420507	0.00244971	87.54098511	16.30721855	12.39519882	12.39519882	3.19089985	0.00647058	0.01135407	1.06245518	0.53122759	9.51990414	3.19089985	0.99938291	6.39121628	0.00564358	0.02346824	-0.00796349	
7.36084080	0.00000000	0.00265155	0.00000000	0.00265155	0.00000000	0.00044334	0.00000000	0.00232753	0.00000000	0.00011083	0.00000000	0.00058188	0.00000000	0.00000000	0.00000000	0.00000000	0.00000000	0.00000000	0.00888228	0.00423582	0.01664180	0.00301097	0.00202397	0.00417000	0.00246241	86.65929413	16.05216789	12.83821583	12.83821583	3.42364097	0.00596889	0.01067291	0.93278813	0.46639407	9.34444141	3.42364097	0.99936438	6.36147594	0.00597417	0.02261597	-0.00732562	
7.31273365	0.00000000	0.00219870	0.00000000	0.00219870	0.00000000	0.00036762	0.00000000	0.00193002	0.00000000	0.00009191	0.00000000	0.00048250	0.00000000	0.00000000	0.00000000	0.00000000	0.00000000	0.00000000	0.00737575	0.00286386	0.01390427	0.00281775	0.00178472	0.00383576	0.00212699	69.64557648	15.07300854	10.98251438	10.98251438	2.90390038	0.00504281	0.00886146	0.79283416	0.39641708	8.41474724	2.90390038	0.99933189	6.31340313	0.00342258	0.01732685	-0.00322425	
4.30071735	0.00000000	0.00105308	0.00000000	0.00105308	0.00000000	0.00017607	0.00000000	0.00092439	0.00000000	0.00004402	0.00000000	0.00023110	0.00000000	0.00000000	0.00000000	0.00000000	0.00000000	0.00000000	0.00356117	-0.00052938	0.00635033	0.00254028	0.00179081	0.00339212	0.00215597	41.29383087	11.33999348	7.85119343	7.66871595	2.80330324	0.00266304	0.00368729	0.41923118	0.20961559	6.27301884	2.89707637	0.89604628	3.40467119	0.00271965	0.00906998	-0.00246422	
0.00000000	0.00000000	0.00000000	0.00000000	0.00000000	0.00000000	0.00000000	0.00000000	0.00000000	0.00000000	0.00000000	0.00000000	0.00000000	0.00000000	0.00000000	0.00000000	0.00000000	0.00000000	0.00000000	-0.00016791	-0.00358093	0.00000000	0.00182885	0.00141913	0.00222091	0.00161898	12.76328373	5.36553478	2.82839203	0.00000000	0.00000000	0.00000000	0.00000000	0.00000000	0.00000000	2.77728295	1.45348597	0.00000000	0.00000000	0.00000000	0.00000000	-0.00207753	
0.00000000	0.00000000	0.00000000	0.00000000	0.00000000	0.00000000	0.00000000	0.00000000	0.00000000	0.00000000	0.00000000	0.00000000	0.00000000	0.00000000	0.00000000	0.00000000	0.00000000	0.00000000	0.00000000	-0.00010697	-0.00207248	0.00000000	0.00182885	0.00141913	0.00222091	0.00161898	12.76328278	5.36553526	2.82839203	0.00000000	0.00000000	0.00000000	0.00000000	0.00000000	0.00000000	2.77728295	1.45348608	0.00000000	0.00000000	0.00000000	0.00000000	-0.00204160	
0.00000000	0.00000000	0.00000000	0.00000000	0.00000000	0.00000000	0.00000000	0.00000000	0.00000000	0.00000000	0.00000000	0.00000000	0.00000000	0.00000000	0.00000000	0.00000000	0.00000000	0.00000000	0.00000000	-0.00007383	-0.00166896	0.00000000	0.00182885	0.00141913	0.00222091	0.00161898	12.76328278	5.36553526	2.82839203	0.00000000	0.00000000	0.00000000	0.00000000	0.00000000	0.00000000	2.77728295	1.45348608	0.00000000	0.00000000	0.00000000	0.00000000	-0.00221548	
0.00000000	0.00000000	0.00000000	0.00000000	0.00000000	0.00000000	0.00000000	0.00000000	0.00000000	0.00000000	0.00000000	0.00000000	0.00000000	0.00000000	0.00000000	0.00000000	0.00000000	0.00000000	0.00000000	-0.00008897	-0.00168298	0.00000000	0.00182885	0.00141913	0.00222091	0.00161898	12.76328373	5.36553478	2.82839203	0.00000000	0.00000000	0.00000000	0.00000000	0.00000000	0.00000000	2.77728295	1.45348585	0.00000000	0.00000000	0.00000000	0.00000000	-0.00210918	
0.00000000	0.00000000	0.00000000	0.00000000	0.00000000	0.00000000	0.00000000	0.00000000	0.00000000	0.00000000	0.00000000	0.00000000	0.00000000	0.00000000	0.00000000	0.00000000	0.00000000	0.00000000	0.00000000	-0.00011332	-0.00246202	0.00000000	0.00182885	0.00141913	0.00222091	0.00161898	12.76328278	5.36553526	2.82839203	0.00000000	0.00000000	0.00000000	0.00000000	0.00000000	0.00000000	2.77728295	1.45348608	0.00000000	0.00000000	0.00000000	0.00000000	-0.00196362	
0.08717742	0.00000000	0.00010586	0.00000000	0.00010586	0.00000000	0.00001770	0.00000000	0.00009293	0.00000000	0.00000443	0.00000000	0.00002323	0.00283770	0.00283770	0.00047446	0.00249093	0.00011862	0.00062273	0.00023255	-0.00398890	0.00054219	0.00192422	0.00152782	0.00237403	0.00178178	19.80889893	6.08399200	3.77313161	1.20959783	0.71580482	0.00041449	0.00012770	0.06150631	0.03075316	3.28671575	2.02762890	0.05561126	0.03156615	0.00000000	0.00054219	-0.00194327	
5.82024145	0.00000000	0.00220925	0.00000000	0.00220925	0.00000000	0.00036939	0.00000000	0.00193928	0.00000000	0.00009235	0.00000000	0.00048482	0.01046965	0.01046965	0.00175052	0.00919026	0.00043763	0.00229756	0.00744869	0.00275980	0.01271714	0.00274376	0.00187343	0.00371724	0.00226144	61.53519058	14.00536346	10.33514023	10.33514023	3.35653710	0.00493208	0.00778506	0.63578218	0.31789109	7.97010565	3.35653710	0.98058498	4.83965683	0.00506306	0.01778020	-0.00193473	
8.16536808	0.00000000	0.00241379	0.00000000	0.00241379	0.00000000	0.00040359	0.00000000	0.00211883	0.00000000	0.00010090	0.00000000	0.00052971	0.00002047	0.00002047	0.00000342	0.00001797	0.00000086	0.00000449	0.00811336	0.00295073	0.01568981	0.00283051	0.00172167	0.00385834	0.00203695	72.13459778	15.40663433	11.08869743	11.08869743	2.63640380	0.00559281	0.01009700	0.84573364	0.42286682	8.44634438	2.63640380	0.99971563	7.16565275	0.00606556	0.02175537	-0.00319340	
8.13342953	0.00000000	0.00272368	0.00000000	0.00272368	0.00000000	0.00045540	0.00000000	0.00239084	0.00000000	0.00011385	0.00000000	0.00059771	0.00000000	0.00000000	0.00000000	0.00000000	0.00000000	0.00000000	0.00912726	0.00431698	0.01724953	0.00298457	0.00189189	0.00411897	0.00225959	80.66038513	16.05250740	12.39714336	12.39714336	2.97571826	0.00612154	0.01112799	0.89258850	0.44629425	9.06952667	2.97571826	0.99970639	7.13372231	0.00654414	0.02379366	-0.00424734	
8.10067940	0.00000000	0.00250793	0.00000000	0.00250793	0.00000000	0.00041933	0.00000000	0.00220146	0.00000000	0.00010483	0.00000000	0.00055036	0.00000000	0.00000000	0.00000000	0.00000000	0.00000000	0.00000000	0.00840257	0.00339059	0.01697407	0.00296703	0.00185619	0.00407794	0.00220881	80.06717682	16.12263298	11.68373966	11.68373966	2.70195746	0.00610226	0.01087181	1.01753974	0.50876987	9.07491970	2.70195746	0.99969667	7.10098362	0.00387020	0.02084427	-0.00678681	
8.05484676	0.00000000	0.00200063	0.00000000	0.00200063	0.00000000	0.00033450	0.00000000	0.00175615	0.00000000	0.00008363	0.00000000	0.00043904	0.00000000	0.00000000	0.00000000	0.00000000	0.00000000	0.00000000	0.00671783	0.00272042	0.01298270	0.00271129	0.00160707	0.00366539	0.00188437	61.89541245	14.67065716	10.28262329	10.28262329	2.51069951	0.00461447	0.00836823	0.70143360	0.35071680	7.84271574	2.51069951	0.99968207	7.05516529	0.00361788	0.01660058	-0.00346228	
4.81268024	0.00000000	0.00096636	0.00000000	0.00096636	0.00000000	0.00016158	0.00000000	0.00084827	0.00000000	0.00004039	0.00000000	0.00021207	0.00000000	0.00000000	0.00000000	0.00000000	0.00000000	0.00000000	0.00326129	-0.00039589	0.00591522	0.00240333	0.00156831	0.00315872	0.00183916	35.16739273	10.96999454	6.91567755	6.68577671	2.36842513	0.00242076	0.00349446	0.37823585	0.18911792	5.96187353	2.49086666	0.90696204	3.90571856	0.00209007	0.00800529	-0.00214607	
0.00000000	0.00000000	0.00000000	0.00000000	0.00000000	0.00000000	0.00000000	0.00000000	0.00000000	0.00000000	0.00000000	0.00000000	0.00000000	0.00000000	0.00000000	0.00000000	0.00000000	0.00000000	0.00000000	-0.00019745	-0.00405017	0.00000000	0.00183674	0.00137308	0.00219836	0.00153623	18.45304108	9.38170242	3.56345582	0.00000000	0.00000000	0.00000000	0.00000000	0.00000000	0.00000000	5.38593578	1.89784169	0.00000000	0.00000000	0.00000000	0.00000000	-0.00199337	
0.00000000	0.00000000	0.00000000	0.00000000	0.00000000	0.00000000	0.00000000	0.00000000	0.00000000	0.00000000	0.00000000	0.00000000	0.00000000	0.00000000	0.00000000	0.00000000	0.00000000	0.00000000	0.00000000	-0.00010814	-0.00219359	0.00000000	0.00183674	0.00137308	0.00219836	0.00153623	18.45304298	9.38170338	3.56345558	0.00000000	0.00000000	0.00000000	0.00000000	0.00000000	0.00000000	5.38593626	1.89784169	0.00000000	0.00000000	0.00000000	0.00000000	-0.00219785	
0.00000000	0.00000000	0.00000000	0.00000000	0.00000000	0.00000000	0.00000000	0.00000000	0.00000000	0.00000000	0.00000000	0.00000000	0.00000000	0.00000000	0.00000000	0.00000000	0.00000000	0.00000000	0.00000000	-0.00009006	-0.00181729	0.00000000	0.00183674	0.00137308	0.00219836	0.00153623	18.45304298	9.38170338	3.56345558	0.00000000	0.00000000	0.00000000	0.00000000	0.00000000	0.00000000	5.38593626	1.89784169	0.00000000	0.00000000	0.00000000	0.00000000	-0.00228364	
0.00000000	0.00000000	0.00000000	0.00000000	0.00000000	0.00000000	0.00000000	0.00000000	0.00000000	0.00000000	0.00000000	0.00000000	0.00000000	0.00000000	0.00000000	0.00000000	0.00000000	0.00000000	0.00000000	-0.00008006	-0.00174502	0.00000000	0.00183674	0.00137308	0.00219836	0.00153623	18.45303917	9.38170147	3.56345582	0.00000000	0.00000000	0.00000000	0.00000000	0.00000000	0.00000000	5.38593578	1.89784157	0.00000000	0.00000000	0.00000000	0.00000000	-0.00192933	
0.00000000	0.00000000	0.00000000	0.00000000	0.00000000	0.00000000	0.00000000	0.00000000	0.00000000	0.00000000	0.00000000	0.00000000	0.00000000	0.00000000	0.00000000	0.00000000	0.00000000	0.00000000	0.00000000	-0.00013580	-0.00320415	0.00000000	0.00183674	0.00137308	0.00219836	0.00153623	18.45304298	9.38170338	3.56345558	0.00000000	0.00000000	0.00000000	0.00000000	0.00000000	0.00000000	5.38593626	1.89784169	0.00000000	0.00000000	0.00000000	0.00000000	-0.00204831	
0.92064500	0.00000000	0.00057027	0.00000000	0.00057027	0.00000000	0.00009535	0.00000000	0.00050058	0.00000000	0.00002384	0.00000000	0.00012514	0.00715310	0.00715310	0.00119600	0.00627899	0.00029900	0.00156975	0.00181788	-0.00294021	0.00287949	0.00219017	0.00172174	0.00280769	0.00207707	29.12591171	10.06074333	5.65486479	3.51679063	1.71189940	0.00159674	0.00128275	0.14403568	0.07201784	5.74448347	2.85060382	0.32675567	0.59388936	0.00040632	0.00328580	-0.00198188	
6.65083742	0.00000000	0.00227888	0.00000000	0.00227888	0.00000000	0.00038103	0.00000000	0.00200040	0.00000000	0.00009526	0.00000000	0.00050010	0.00539724	0.00539724	0.00090242	0.00473770	0.00022560	0.00118442	0.00767816	0.00313023	0.01366307	0.00281123	0.00186810	0.00383198	0.00225565	68.64859009	14.61951256	11.02437496	11.02437496	3.31896782	0.00504653	0.00861655	0.73007470	0.36503735	8.33655453	3.31896782	0.99758470	5.65325260	0.00610006	0.01976313	-0.00382960	
7.59239483	0.00000000	0.00263289	0.00000000	0.00263289	0.00000000	0.00044022	0.00000000	0.00231115	0.00000000	0.00011005	0.00000000	0.00057779	0.00000000	0.00000000	0.00000000	0.00000000	0.00000000	0.00000000	0.00883706	0.00337175	0.01713497	0.00300258	0.00196432	0.00414341	0.00236619	83.66939545	16.28347015	12.27550125	12.27550125	3.08864522	0.00619562	0.01093935	1.00649309	0.50324655	9.38506985	3.08864522	0.99949574	6.59289980	0.00661827	0.02375324	-0.00585623	
7.56231833	0.00000000	0.00283821	0.00000000	0.00283821	0.00000000	0.00047455	0.00000000	0.00249138	0.00000000	0.00011864	0.00000000	0.00062284	0.00000000	0.00000000	0.00000000	0.00000000	0.00000000	0.00000000	0.00950530	0.00391474	0.01888212	0.00301301	0.00205175	0.00413863	0.00248257	98.10353088	16.42093086	13.17335129	13.17335129	3.42353582	0.00668832	0.01219380	1.18587482	0.59293741	9.77378559	3.42353582	0.99948037	6.56283855	0.00679669	0.02567881	-0.00711470	
7.53187037	0.00000000	0.00236318	0.00000000	0.00236318	0.00000000	0.00039512	0.00000000	0.00207440	0.00000000	0.00009878	0.00000000	0.00051860	0.00000000	0.00000000	0.00000000	0.00000000	0.00000000	0.00000000	0.00792484	0.00369475	0.01597865	0.00293862	0.00187965	0.00401524	0.00224014	79.82160950	16.10588264	11.59629440	11.59629440	2.87948561	0.00584229	0.01013636	1.01775444	0.50887722	9.20005417	2.87948561	0.99946421	6.53240538	0.00438839	0.02036705	-0.02551449	
7.47441816	0.00000000	0.00218162	0.00000000	0.00218162	0.00000000	0.00036477	0.00000000	0.00191503	0.00000000	0.00009119	0.00000000	0.00047876	0.00000000	0.00000000	0.00000000	0.00000000	0.00000000	0.00000000	0.00731561	0.00359474	0.01396542	0.00282674	0.00181370	0.00384263	0.00215684	74.92804718	15.27446842	11.63082600	11.63082600	3.04694772	0.00500978	0.00895564	0.82793003	0.41396502	8.64760017	3.04694772	0.99943101	6.47498751	0.00453607	0.01850149	-0.01050652	
4.32810402	0.00000000	0.00096394	0.00000000	0.00096394	0.00000000	0.00016117	0.00000000	0.00084615	0.00000000	0.00004029	0.00000000	0.00021154	0.00000000	0.00000000	0.00000000	0.00000000	0.00000000	0.00000000	0.00318813	-0.00080663	0.00595352	0.00254889	0.00182066	0.00341355	0.00221617	46.68041611	12.26014519	8.73797131	8.12378407	3.11642337	0.00260123	0.00335228	0.44727778	0.22363889	6.85448170	3.44356251	0.89594042	3.43216395	0.00308928	0.00904280	-0.00659897	
0.00000000	0.00000000	0.00000000	0.00000000	0.00000000	0.00000000	0.00000000	0.00000000	0.00000000	0.00000000	0.00000000	0.00000000	0.00000000	0.00000000	0.00000000	0.00000000	0.00000000	0.00000000	0.00000000	-0.00016941	-0.00353431	0.00000000	0.00227359	0.00186485	0.00292781	0.00226077	49.08617020	11.08580303	9.51990986	0.00000000	0.00000000	0.00000000	0.00000000	0.00000000	0.00000000	6.36563587	5.07065439	0.00000000	0.00000000	0.00000000	0.00000000	-0.00372886	
0.00000000	0.00000000	0.00000000	0.00000000	0.00000000	0.00000000	0.00000000	0.00000000	0.00000000	0.00000000	0.00000000	0.00000000	0.00000000	0.00000000	0.00000000	0.00000000	0.00000000	0.00000000	0.00000000	-0.00009438	-0.00207631	0.00000000	0.00227358	0.00186485	0.00292781	0.00226077	49.08617020	11.08580399	9.51990891	0.00000000	0.00000000	0.00000000	0.00000000	0.00000000	0.00000000	6.36563540	5.07065392	0.00000000	0.00000000	0.00000000	0.00000000	-0.00242041	
0.00000000	0.00000000	0.00000000	0.00000000	0.00000000	0.00000000	0.00000000	0.00000000	0.00000000	0.00000000	0.00000000	0.00000000	0.00000000	0.00000000	0.00000000	0.00000000	0.00000000	0.00000000	0.00000000	-0.00007640	-0.00171899	0.00000000	0.00227358	0.00186485	0.00292781	0.00226077	49.08617020	11.08580399	9.51990891	0.00000000	0.00000000	0.00000000	0.00000000	0.00000000	0.00000000	6.36563540	5.07065392	0.00000000	0.00000000	0.00000000	0.00000000	-0.00192272	
0.00000000	0.00000000	0.00000000	0.00000000	0.00000000	0.00000000	0.00000000	0.00000000	0.00000000	0.00000000	0.00000000	0.00000000	0.00000000	0.00000000	0.00000000	0.00000000	0.00000000	0.00000000	0.00000000	-0.00008887	-0.00178374	0.00000000	0.00227359	0.00186485	0.00292781	0.00226077	49.08617020	11.08580208	9.51991081	0.00000000	0.00000000	0.00000000	0.00000000	0.00000000	0.00000000	6.36563587	5.07065487	0.00000000	0.00000000	0.00000000	0.00000000	-0.00185090	
0.00000000	0.00000000	0.00000000	0.00000000	0.00000000	0.00000000	0.00000000	0.00000000	0.00000000	0.00000000	0.00000000	0.00000000	0.00000000	0.00000000	0.00000000	0.00000000	0.00000000	0.00000000	0.00000000	-0.00010580	-0.00255583	0.00000000	0.00227358	0.00186485	0.00292781	0.00226077	49.08617020	11.08580399	9.51990891	0.00000000	0.00000000	0.00000000	0.00000000	0.00000000	0.00000000	6.36563540	5.07065392	0.00000000	0.00000000	0.00000000	0.00000000	-0.00173392	
0.04368649	0.00000000	0.00003045	0.00000000	0.00003045	0.00000000	0.00000509	0.00000000	0.00002673	0.00000000	0.00000127	0.00000000	0.00000668	0.00214369	0.00214369	0.00035842	0.00188173	0.00008961	0.00047043	-0.00003444	-0.00409030	0.00016715	0.00230420	0.00190027	0.00298128	0.00231830	48.10816193	10.98892117	9.34914494	0.46389502	0.24360999	0.00013736	0.00002978	0.01978162	0.00989081	6.30157614	4.97622061	0.03124942	0.01243706	0.00000000	0.00016715	-0.00173918	
5.55890179	0.00000000	0.00206887	0.00000000	0.00206887	0.00000000	0.00034591	0.00000000	0.00181605	0.00000000	0.00008648	0.00000000	0.00045401	0.01100665	0.01100665	0.00184031	0.00966164	0.00046008	0.00241541	0.00698761	0.00191804	0.01236834	0.00277328	0.00191935	0.00377114	0.00234322	63.49848175	14.37170219	10.46244431	10.46244431	3.46036816	0.00498706	0.00738128	0.68820566	0.34410283	8.17487240	3.46036816	0.97130442	4.58759737	0.00461703	0.01698537	-0.00335564	
8.10633755	0.00000000	0.00266135	0.00000000	0.00266135	0.00000000	0.00044498	0.00000000	0.00233613	0.00000000	0.00011124	0.00000000	0.00058403	0.00006098	0.00006098	0.00001020	0.00005353	0.00000255	0.00001338	0.00893465	0.00387739	0.01713326	0.00298629	0.00191034	0.00412022	0.00228649	82.31696320	16.21818733	12.55297661	12.55297661	3.04482913	0.00605719	0.01107607	0.92335904	0.46167952	9.20748711	3.04482913	0.99969840	7.10664129	0.00753089	0.02466414	-0.00743133	
8.07584476	0.00000000	0.00265101	0.00000000	0.00265101	0.00000000	0.00044325	0.00000000	0.00232706	0.00000000	0.00011081	0.00000000	0.00058176	0.00000000	0.00000000	0.00000000	0.00000000	0.00000000	0.00000000	0.00888960	0.00335375	0.01871301	0.00298775	0.00196700	0.00409157	0.00235959	97.21260071	16.46572495	12.77126122	12.77126122	3.07039452	0.00655588	0.01215713	1.26342630	0.63171315	9.62487602	3.07039452	0.99968904	7.07615519	0.00668243	0.02539543	-0.00606980	
8.04332829	0.00000000	0.00254273	0.00000000	0.00254273	0.00000000	0.00042515	0.00000000	0.00223201	0.00000000	0.00010629	0.00000000	0.00055800	0.00000000	0.00000000	0.00000000	0.00000000	0.00000000	0.00000000	0.00851257	0.00318025	0.01671017	0.00294214	0.00183406	0.00403644	0.00218052	77.33329010	16.13656998	11.75024128	11.75024128	2.79235172	0.00599102	0.01071915	0.94371969	0.47185984	9.01602554	2.79235172	0.99967879	7.04364920	0.00419478	0.02090496	-0.00296697	
7.99781895	0.00000000	0.00181098	0.00000000	0.00181098	0.00000000	0.00030279	0.00000000	0.00158967	0.00000000	0.00007570	0.00000000	0.00039742	0.00000000	0.00000000	0.00000000	0.00000000	0.00000000	0.00000000	0.00608729	0.00136593	0.01250082	0.00264486	0.00147322	0.00352872	0.00168532	52.90699005	14.62333012	8.83825588	8.83825588	2.00106287	0.00459857	0.00790224	0.74568588	0.37284294	7.61102343	2.00106287	0.99966353	6.99815512	0.00136477	0.01386559	-0.00175766	
4.77860737	0.00000000	0.00088136	0.00000000	0.00088136	0.00000000	0.00014736	0.00000000	0.00077366	0.00000000	0.00003684	0.00000000	0.00019342	0.00000000	0.00000000	0.00000000	0.00000000	0.00000000	0.00000000	0.00299361	-0.00131242	0.00577755	0.00229734	0.00148909	0.00300454	0.00174553	37.36841965	11.13821793	7.04773664	6.89788866	2.33095908	0.00240547	0.00337209	0.41434595	0.20717297	6.00310802	2.40638638	0.90636295	3.87224483	0.00253764	0.00831519	-0.00195860	
0.00000000	0.00000000	0.00000000	0.00000000	0.00000000	0.00000000	0.00000000	0.00000000	0.00000000	0.00000000	0.00000000	0.00000000	0.00000000	0.00000000	0.00000000	0.00000000	0.00000000	0.00000000	0.00000000	-0.00020060	-0.00380773	0.00000000	0.00108321	0.00078248	0.00116964	0.00079821	10.27892971	4.03559065	2.32264733	0.00000000	0.00000000	0.00000000	0.00000000	0.00000000	0.00000000	2.04922128	1.16911912	0.00000000	0.00000000	0.00000000	0.00000000	-0.00186786	
0.00000000	0.00000000	0.00000000	0.00000000	0.00000000	0.00000000	0.00000000	0.00000000	0.00000000	0.00000000	0.00000000	0.00000000	0.00000000	0.00000000	0.00000000	0.00000000	0.00000000	0.00000000	0.00000000	-0.00013080	-0.00292826	0.00000000	0.00108321	0.00078248	0.00116964	0.00079821	10.27892971	4.03559065	2.32264733	0.00000000	0.00000000	0.00000000	0.00000000	0.00000000	0.00000000	2.04922128	1.16911924	0.00000000	0.00000000	0.00000000	0.00000000	-0.00179757	
