0.00000000	0.00000000	0.00000000	0.00000000	0.00000000	0.00000000	0.00000000	0.00000000	0.00000000	0.00000000	0.00000000	0.00000000	0.00000000	0.00000000	0.00000000	0.00000000	0.00000000	0.00000000	0.00000000	-0.00010489	-0.00244583	0.00000000	0.00000000	0.00078416	0.00000000	0.00080022	10.20557976	4.01715136	2.30747724	0.00000000	0.00000000	0.00000000	0.00000000	0.00000000	0.00000000	2.03904057	1.16201413	0.00000000	0.00000000	0.00000000	0.00000000	-0.00337755	
0.00000000	0.00000000	0.00000000	0.00000000	0.00000000	0.00000000	0.00000000	0.00000000	0.00000000	0.00000000	0.00000000	0.00000000	0.00000000	0.00000000	0.00000000	0.00000000	0.00000000	0.00000000	0.00000000	-0.00008716	-0.00197396	0.00000000	0.00000000	0.00078416	0.00000000	0.00080022	10.20558167	4.01715136	2.30747676	0.00000000	0.00000000	0.00000000	0.00000000	0.00000000	0.00000000	2.03904080	1.16201413	0.00000000	0.00000000	0.00000000	0.00000000	-0.00317058	
0.00000000	0.00000000	0.00000000	0.00000000	0.00000000	0.00000000	0.00000000	0.00000000	0.00000000	0.00000000	0.00000000	0.00000000	0.00000000	0.00000000	0.00000000	0.00000000	0.00000000	0.00000000	0.00000000	-0.00010152	-0.00234866	0.00000000	0.00000000	0.00078416	0.00000000	0.00080022	10.20557976	4.01715136	2.30747724	0.00000000	0.00000000	0.00000000	0.00000000	0.00000000	0.00000000	2.03904057	1.16201413	0.00000000	0.00000000	0.00000000	0.00000000	-0.00319594	
0.54597229	0.00000000	0.00044844	0.00000000	0.00044844	0.00000000	0.00007498	0.00000000	0.00039364	0.00000000	0.00001874	0.00000000	0.00009841	0.00574393	0.00574393	0.00096039	0.00504203	0.00024010	0.00126051	0.00141249	-0.00266047	0.00226653	0.00085083	0.00127103	0.00116879	0.00149872	25.17037201	6.54848957	4.76791430	3.15267992	1.63103020	0.00139133	0.00087520	0.14631367	0.07315683	3.65392351	2.44444013	0.22914553	0.31682679	0.00013555	0.00240208	-0.00297981	
6.18670559	0.00000000	0.00226518	0.00000000	0.00226518	0.00000000	0.00037874	0.00000000	0.00198837	0.00000000	0.00009468	0.00000000	0.00049709	0.00645301	0.00645301	0.00107894	0.00566446	0.00026974	0.00141611	0.00762675	0.00394872	0.01261655	0.00277684	0.00189068	0.00379691	0.00229835	60.92335129	13.65771103	10.68211651	10.68211651	3.48282981	0.00469684	0.00791971	0.56194711	0.28097355	7.72055340	3.48282981	0.99512446	5.19158030	0.00629362	0.01891017	-0.00390103	
7.40518713	0.00000000	0.00262193	0.00000000	0.00262193	0.00000000	0.00043839	0.00000000	0.00230153	0.00000000	0.00010960	0.00000000	0.00057538	0.00000000	0.00000000	0.00000000	0.00000000	0.00000000	0.00000000	0.00879523	0.00388326	0.01695076	0.00300978	0.00199863	0.00415381	0.00241700	86.01187897	16.08086014	12.34254646	12.34254646	3.20012593	0.00612837	0.01082238	1.02299809	0.51149905	9.35599232	3.20012593	0.99939191	6.40579510	0.00691458	0.02386533	-0.00674473	
7.37585115	0.00000000	0.00260126	0.00000000	0.00260126	0.00000000	0.00043493	0.00000000	0.00228338	0.00000000	0.00010873	0.00000000	0.00057085	0.00000000	0.00000000	0.00000000	0.00000000	0.00000000	0.00000000	0.00871673	0.00415484	0.01710913	0.00304168	0.00202432	0.00420507	0.00245196	87.53712463	16.30566788	12.39496899	12.39496899	3.19679093	0.00621618	0.01089294	1.06220329	0.53110164	9.52245712	3.19679093	0.99937379	6.37647676	0.00634733	0.02345645	-0.01762618	
7.34615231	0.00000000	0.00245318	0.00000000	0.00245318	0.00000000	0.00041017	0.00000000	0.00215341	0.00000000	0.00010254	0.00000000	0.00053835	0.00000000	0.00000000	0.00000000	0.00000000	0.00000000	0.00000000	0.00821768	0.00411066	0.01572048	0.00301097	0.00202541	0.00417000	0.00246462	86.65452576	16.05055618	12.83784199	12.83784199	3.42966413	0.00564340	0.01007709	0.93256629	0.46628314	9.34662914	3.42966413	0.99935502	6.34679842	0.00688357	0.02260405	-0.01803177	
7.29814196	0.00000000	0.00210657	0.00000000	0.00210657	0.00000000	0.00035222	0.00000000	0.00184914	0.00000000	0.00008805	0.00000000	0.00046229	0.00000000	0.00000000	0.00000000	0.00000000	0.00000000	0.00000000	0.00706309	0.00261661	0.01346402	0.00281775	0.00178610	0.00383576	0.00212904	69.64128876	15.07141685	10.98210716	10.98210716	2.90895367	0.00488898	0.00857504	0.79264474	0.39632237	8.41704941	2.90895367	0.99932206	6.29882050	0.00385347	0.01731749	-0.00470494	
4.29213572	0.00000000	0.00102393	0.00000000	0.00102393	0.00000000	0.00017120	0.00000000	0.00089880	0.00000000	0.00004280	0.00000000	0.00022470	0.00000000	0.00000000	0.00000000	0.00000000	0.00000000	0.00000000	0.00345786	-0.00072518	0.00621656	0.00254028	0.00179169	0.00339212	0.00215729	41.28778458	11.33777905	7.85017109	7.66772699	2.80566430	0.00261243	0.00360413	0.41909984	0.20954992	6.27286100	2.89942670	0.89585173	3.39628434	0.00284461	0.00906117	-0.00407238	
0.00000000	0.00000000	0.00000000	0.00000000	0.00000000	0.00000000	0.00000000	0.00000000	0.00000000	0.00000000	0.00000000	0.00000000	0.00000000	0.00000000	0.00000000	0.00000000	0.00000000	0.00000000	0.00000000	-0.00016755	-0.00387329	0.00000000	0.00182885	0.00141922	0.00222091	0.00161910	12.76087284	5.36418104	2.82788062	0.00000000	0.00000000	0.00000000	0.00000000	0.00000000	0.00000000	2.77656841	1.45331812	0.00000000	0.00000000	0.00000000	0.00000000	-0.00339345	
0.00000000	0.00000000	0.00000000	0.00000000	0.00000000	0.00000000	0.00000000	0.00000000	0.00000000	0.00000000	0.00000000	0.00000000	0.00000000	0.00000000	0.00000000	0.00000000	0.00000000	0.00000000	0.00000000	-0.00010756	-0.00243112	0.00000000	0.00182885	0.00141922	0.00222091	0.00161910	12.76087189	5.36418104	2.82788062	0.00000000	0.00000000	0.00000000	0.00000000	0.00000000	0.00000000	2.77656817	1.45331824	0.00000000	0.00000000	0.00000000	0.00000000	-0.00336381	
0.00000000	0.00000000	0.00000000	0.00000000	0.00000000	0.00000000	0.00000000	0.00000000	0.00000000	0.00000000	0.00000000	0.00000000	0.00000000	0.00000000	0.00000000	0.00000000	0.00000000	0.00000000	0.00000000	-0.00007407	-0.00188247	0.00000000	0.00182885	0.00141922	0.00222091	0.00161910	12.76087189	5.36418104	2.82788062	0.00000000	0.00000000	0.00000000	0.00000000	0.00000000	0.00000000	2.77656817	1.45331824	0.00000000	0.00000000	0.00000000	0.00000000	-0.00382694	
0.00000000	0.00000000	0.00000000	0.00000000	0.00000000	0.00000000	0.00000000	0.00000000	0.00000000	0.00000000	0.00000000	0.00000000	0.00000000	0.00000000	0.00000000	0.00000000	0.00000000	0.00000000	0.00000000	-0.00008948	-0.00198598	0.00000000	0.00182885	0.00141922	0.00222091	0.00161910	12.76087284	5.36418104	2.82788062	0.00000000	0.00000000	0.00000000	0.00000000	0.00000000	0.00000000	2.77656865	1.45331800	0.00000000	0.00000000	0.00000000	0.00000000	-0.00340211	
0.00000000	0.00000000	0.00000000	0.00000000	0.00000000	0.00000000	0.00000000	0.00000000	0.00000000	0.00000000	0.00000000	0.00000000	0.00000000	0.00000000	0.00000000	0.00000000	0.00000000	0.00000000	0.00000000	-0.00011464	-0.00301595	0.00000000	0.00182885	0.00141922	0.00222091	0.00161910	12.76087189	5.36418104	2.82788062	0.00000000	0.00000000	0.00000000	0.00000000	0.00000000	0.00000000	2.77656817	1.45331824	0.00000000	0.00000000	0.00000000	0.00000000	-0.00308288	
0.69112015	0.00000000	0.00051280	0.00000000	0.00051280	0.00000000	0.00008574	0.00000000	0.00045014	0.00000000	0.00002144	0.00000000	0.00011253	0.00651816	0.00651816	0.00108984	0.00572164	0.00027246	0.00143041	0.00165433	-0.00218897	0.00269238	0.00206931	0.00166254	0.00260848	0.00197763	30.57164955	7.39566803	5.20277643	3.31513214	1.67464066	0.00145284	0.00123954	0.19546142	0.09773071	4.20120144	2.64351916	0.26497495	0.42614517	0.00064324	0.00333562	-0.00300968	
6.69349098	0.00000000	0.00225562	0.00000000	0.00225562	0.00000000	0.00037714	0.00000000	0.00197998	0.00000000	0.00009428	0.00000000	0.00049500	0.00655577	0.00655577	0.00109612	0.00575465	0.00027403	0.00143866	0.00758931	0.00323743	0.01325616	0.00274376	0.00177910	0.00371724	0.00212077	62.00157928	14.23809052	10.39787388	10.39787388	3.04284263	0.00487265	0.00838351	0.65316397	0.32658198	7.97714949	3.04284263	0.99698526	5.69650602	0.00570037	0.01895653	-0.00331005	
7.92975760	0.00000000	0.00235520	0.00000000	0.00235520	0.00000000	0.00039379	0.00000000	0.00206740	0.00000000	0.00009845	0.00000000	0.00051685	0.00000000	0.00000000	0.00000000	0.00000000	0.00000000	0.00000000	0.00790799	0.00309050	0.01525793	0.00283051	0.00174281	0.00385834	0.00206791	72.07993317	15.38548374	11.08426189	11.08426189	2.71047831	0.00547266	0.00978527	0.84300697	0.42150348	8.48908615	2.71047831	0.99964011	6.93011665	0.00635345	0.02161138	-0.00509112	
7.89834356	0.00000000	0.00261428	0.00000000	0.00261428	0.00000000	0.00043711	0.00000000	0.00229482	0.00000000	0.00010928	0.00000000	0.00057370	0.00000000	0.00000000	0.00000000	0.00000000	0.00000000	0.00000000	0.00875486	0.00424551	0.01658881	0.00298457	0.00191427	0.00411897	0.00229312	80.59835052	16.03021622	12.39190865	12.39190865	3.05862474	0.00592275	0.01066606	0.88969755	0.44484878	9.10919857	3.05862474	0.99962860	6.89871502	0.00704608	0.02363489	-0.00679371	
7.86654234	0.00000000	0.00237809	0.00000000	0.00237809	0.00000000	0.00039762	0.00000000	0.00208749	0.00000000	0.00009940	0.00000000	0.00052187	0.00000000	0.00000000	0.00000000	0.00000000	0.00000000	0.00000000	0.00796487	0.00328673	0.01618536	0.00296703	0.00187844	0.00407794	0.00224192	80.01920319	16.10150528	11.68068314	11.68068314	2.78123975	0.00585392	0.01033144	1.01423287	0.50711644	9.12008095	2.78123975	0.99961668	6.86692381	0.00452633	0.02071169	-0.01065242	
7.80653906	0.00000000	0.00196118	0.00000000	0.00196118	0.00000000	0.00032791	0.00000000	0.00172153	0.00000000	0.00008198	0.00000000	0.00043038	0.00000000	0.00000000	0.00000000	0.00000000	0.00000000	0.00000000	0.00657824	0.00238706	0.01266674	0.00271129	0.00162866	0.00366539	0.00191536	61.83425140	14.64751053	10.27625751	10.27625751	2.58122230	0.00453227	0.00813447	0.69901353	0.34950677	7.88497448	2.58122230	0.99959171	6.80694675	0.00381099	0.01647773	-0.00358661	
4.52041960	0.00000000	0.00092987	0.00000000	0.00092987	0.00000000	0.00015547	0.00000000	0.00081624	0.00000000	0.00003887	0.00000000	0.00020406	0.00000000	0.00000000	0.00000000	0.00000000	0.00000000	0.00000000	0.00313359	-0.00078844	0.00566848	0.00240333	0.00159705	0.00315872	0.00188025	35.00454712	10.89686298	6.88777733	6.65803909	2.43275380	0.00237373	0.00329475	0.37429050	0.18714525	5.95149469	2.55624652	0.90004718	3.62037206	0.00209189	0.00776037	-0.00375531	
0.00000000	0.00000000	0.00000000	0.00000000	0.00000000	0.00000000	0.00000000	0.00000000	0.00000000	0.00000000	0.00000000	0.00000000	0.00000000	0.00000000	0.00000000	0.00000000	0.00000000	0.00000000	0.00000000	-0.00019336	-0.00443744	0.00000000	0.00183674	0.00137731	0.00219836	0.00154195	18.42111969	9.31527424	3.56093812	0.00000000	0.00000000	0.00000000	0.00000000	0.00000000	0.00000000	5.34950399	1.91413605	0.00000000	0.00000000	0.00000000	0.00000000	-0.00328811	
0.00000000	0.00000000	0.00000000	0.00000000	0.00000000	0.00000000	0.00000000	0.00000000	0.00000000	0.00000000	0.00000000	0.00000000	0.00000000	0.00000000	0.00000000	0.00000000	0.00000000	0.00000000	0.00000000	-0.00010765	-0.00272043	0.00000000	0.00183674	0.00137731	0.00219836	0.00154195	18.42112160	9.31527424	3.56093788	0.00000000	0.00000000	0.00000000	0.00000000	0.00000000	0.00000000	5.34950399	1.91413593	0.00000000	0.00000000	0.00000000	0.00000000	-0.00366601	
0.00000000	0.00000000	0.00000000	0.00000000	0.00000000	0.00000000	0.00000000	0.00000000	0.00000000	0.00000000	0.00000000	0.00000000	0.00000000	0.00000000	0.00000000	0.00000000	0.00000000	0.00000000	0.00000000	-0.00008890	-0.00216818	0.00000000	0.00183674	0.00137731	0.00219836	0.00154195	18.42112160	9.31527424	3.56093788	0.00000000	0.00000000	0.00000000	0.00000000	0.00000000	0.00000000	5.34950399	1.91413593	0.00000000	0.00000000	0.00000000	0.00000000	-0.00356377	
0.00000000	0.00000000	0.00000000	0.00000000	0.00000000	0.00000000	0.00000000	0.00000000	0.00000000	0.00000000	0.00000000	0.00000000	0.00000000	0.00000000	0.00000000	0.00000000	0.00000000	0.00000000	0.00000000	-0.00007876	-0.00197278	0.00000000	0.00183674	0.00137731	0.00219836	0.00154195	18.42111778	9.31527424	3.56093812	0.00000000	0.00000000	0.00000000	0.00000000	0.00000000	0.00000000	5.34950399	1.91413605	0.00000000	0.00000000	0.00000000	0.00000000	-0.00312025	
0.00000000	0.00000000	0.00000000	0.00000000	0.00000000	0.00000000	0.00000000	0.00000000	0.00000000	0.00000000	0.00000000	0.00000000	0.00000000	0.00000000	0.00000000	0.00000000	0.00000000	0.00000000	0.00000000	-0.00013282	-0.00335642	0.00000000	0.00183674	0.00137731	0.00219836	0.00154195	18.42112160	9.31527424	3.56093788	0.00000000	0.00000000	0.00000000	0.00000000	0.00000000	0.00000000	5.34950399	1.91413593	0.00000000	0.00000000	0.00000000	0.00000000	-0.00350939	
1.87140548	0.00000000	0.00094766	0.00000000	0.00094766	0.00000000	0.00015845	0.00000000	0.00083185	0.00000000	0.00003961	0.00000000	0.00020796	0.00936196	0.00936196	0.00156532	0.00821793	0.00039133	0.00205448	0.00312627	-0.00108368	0.00487641	0.00238122	0.00186191	0.00313401	0.00228721	36.73904037	10.71267986	7.01339436	5.58901787	2.57271814	0.00237564	0.00250078	0.23990920	0.11995460	6.11791372	3.33837247	0.52343380	1.34797168	0.00138475	0.00626117	-0.00321022	
7.17214727	0.00000000	0.00227100	0.00000000	0.00227100	0.00000000	0.00037971	0.00000000	0.00199348	0.00000000	0.00009493	0.00000000	0.00049837	0.00333036	0.00333036	0.00055684	0.00292339	0.00013921	0.00073085	0.00763866	0.00363590	0.01384687	0.00281123	0.00181756	0.00383198	0.00217868	68.92317963	14.70309162	11.05594444	11.05594444	3.11721706	0.00498235	0.00886452	0.73843151	0.36921576	8.29972553	3.11721706	0.99902964	6.17311811	0.00656886	0.02041572	-0.00663496	
7.63035488	0.00000000	0.00254597	0.00000000	0.00254597	0.00000000	0.00042569	0.00000000	0.00223485	0.00000000	0.00010642	0.00000000	0.00055871	0.00000000	0.00000000	0.00000000	0.00000000	0.00000000	0.00000000	0.00853732	0.00381382	0.01672583	0.00300258	0.00196061	0.00414341	0.00236058	83.67921448	16.28731918	12.27620888	12.27620888	3.07433224	0.00604381	0.01068202	1.00707376	0.50353688	9.37842941	3.07433224	0.99951458	6.63083887	0.00705621	0.02378204	-0.01269610	
7.60012436	0.00000000	0.00264633	0.00000000	0.00264633	0.00000000	0.00044247	0.00000000	0.00232295	0.00000000	0.00011062	0.00000000	0.00058074	0.00000000	0.00000000	0.00000000	0.00000000	0.00000000	0.00000000	0.00885955	0.00408856	0.01801982	0.00301301	0.00204814	0.00413863	0.00247704	98.11418152	16.42458916	13.17396927	13.17396927	3.40764093	0.00637785	0.01164197	1.18656123	0.59328061	9.76726151	3.40764093	0.99949962	6.60062504	0.00769098	0.02571080	-0.02092932	
7.56952381	0.00000000	0.00228657	0.00000000	0.00228657	0.00000000	0.00038232	0.00000000	0.00200715	0.00000000	0.00009558	0.00000000	0.00050179	0.00000000	0.00000000	0.00000000	0.00000000	0.00000000	0.00000000	0.00766111	0.00331236	0.01562241	0.00293862	0.00187599	0.00401524	0.00223470	79.83004761	16.10963440	11.59680367	11.59680367	2.86588812	0.00570854	0.00991387	1.01834548	0.50917274	9.19283772	2.86588812	0.99948412	6.57003975	0.00476893	0.02039134	-0.02205712	
7.50184202	0.00000000	0.00221798	0.00000000	0.00221798	0.00000000	0.00037085	0.00000000	0.00194695	0.00000000	0.00009271	0.00000000	0.00048674	0.00000000	0.00000000	0.00000000	0.00000000	0.00000000	0.00000000	0.00742622	0.00316070	0.01410876	0.00282674	0.00181113	0.00384263	0.00215298	74.93711090	15.27735519	11.63169956	11.63169956	3.03655767	0.00505500	0.00905376	0.82829314	0.41414657	8.64363480	3.03655767	0.99944550	6.50239658	0.00441212	0.01852088	-0.00498038	
4.27845478	0.00000000	0.00096084	0.00000000	0.00096084	0.00000000	0.00016065	0.00000000	0.00084342	0.00000000	0.00004016	0.00000000	0.00021086	0.00000000	0.00000000	0.00000000	0.00000000	0.00000000	0.00000000	0.00317058	-0.00125603	0.00591502	0.00254889	0.00182570	0.00341355	0.00222389	46.63150406	12.24307442	8.73015499	8.11697197	3.13087153	0.00259344	0.00332159	0.44628686	0.22314343	6.84970474	3.45768166	0.89412481	3.38432956	0.00306536	0.00898038	-0.00466401	
0.00000000	0.00000000	0.00000000	0.00000000	0.00000000	0.00000000	0.00000000	0.00000000	0.00000000	0.00000000	0.00000000	0.00000000	0.00000000	0.00000000	0.00000000	0.00000000	0.00000000	0.00000000	0.00000000	-0.00016859	-0.00379995	0.00000000	0.00227359	0.00186582	0.00292781	0.00226227	48.99511337	11.06341839	9.50433731	0.00000000	0.00000000	0.00000000	0.00000000	0.00000000	0.00000000	6.35093164	5.06556082	0.00000000	0.00000000	0.00000000	0.00000000	-0.00496425	
0.00000000	0.00000000	0.00000000	0.00000000	0.00000000	0.00000000	0.00000000	0.00000000	0.00000000	0.00000000	0.00000000	0.00000000	0.00000000	0.00000000	0.00000000	0.00000000	0.00000000	0.00000000	0.00000000	-0.00009426	-0.00220496	0.00000000	0.00227358	0.00186582	0.00292781	0.00226227	48.99511337	11.06341839	9.50433731	0.00000000	0.00000000	0.00000000	0.00000000	0.00000000	0.00000000	6.35093212	5.06556129	0.00000000	0.00000000	0.00000000	0.00000000	-0.00586907	
0.00000000	0.00000000	0.00000000	0.00000000	0.00000000	0.00000000	0.00000000	0.00000000	0.00000000	0.00000000	0.00000000	0.00000000	0.00000000	0.00000000	0.00000000	0.00000000	0.00000000	0.00000000	0.00000000	-0.00007665	-0.00197119	0.00000000	0.00227358	0.00186582	0.00292781	0.00226227	48.99511337	11.06341839	9.50433731	0.00000000	0.00000000	0.00000000	0.00000000	0.00000000	0.00000000	6.35093212	5.06556129	0.00000000	0.00000000	0.00000000	0.00000000	-0.00411605	
0.00000000	0.00000000	0.00000000	0.00000000	0.00000000	0.00000000	0.00000000	0.00000000	0.00000000	0.00000000	0.00000000	0.00000000	0.00000000	0.00000000	0.00000000	0.00000000	0.00000000	0.00000000	0.00000000	-0.00008963	-0.00219475	0.00000000	0.00227359	0.00186582	0.00292781	0.00226227	48.99511337	11.06341839	9.50433826	0.00000000	0.00000000	0.00000000	0.00000000	0.00000000	0.00000000	6.35093164	5.06556034	0.00000000	0.00000000	0.00000000	0.00000000	-0.00369746	
0.00000000	0.00000000	0.00000000	0.00000000	0.00000000	0.00000000	0.00000000	0.00000000	0.00000000	0.00000000	0.00000000	0.00000000	0.00000000	0.00000000	0.00000000	0.00000000	0.00000000	0.00000000	0.00000000	-0.00010543	-0.00278837	0.00000000	0.00227358	0.00186582	0.00292781	0.00226227	48.99511337	11.06341839	9.50433731	0.00000000	0.00000000	0.00000000	0.00000000	0.00000000	0.00000000	6.35093212	5.06556129	0.00000000	0.00000000	0.00000000	0.00000000	-0.00342873	
0.70835781	0.00000000	0.00043302	0.00000000	0.00043302	0.00000000	0.00007240	0.00000000	0.00038010	0.00000000	0.00001810	0.00000000	0.00009503	0.00668073	0.00668073	0.00111702	0.00586435	0.00027925	0.00146609	0.00138835	-0.00248954	0.00229527	0.00242063	0.00197747	0.00317578	0.00243529	47.68049622	11.30246830	8.99828720	2.66206074	1.25481749	0.00126938	0.00102589	0.16454095	0.08227047	6.55192566	4.63185692	0.26692078	0.44143707	0.00026622	0.00256149	-0.00346584	
6.86043930	0.00000000	0.00213184	0.00000000	0.00213184	0.00000000	0.00035644	0.00000000	0.00187133	0.00000000	0.00008911	0.00000000	0.00046783	0.00671928	0.00671928	0.00112346	0.00589818	0.00028087	0.00147455	0.00718029	0.00285738	0.01319145	0.00277328	0.00178947	0.00377114	0.00214473	64.62298584	14.72006130	10.62428379	10.62428379	3.03610110	0.00489160	0.00829985	0.71330374	0.35665187	8.18387699	3.03610110	0.99733669	5.86310101	0.00587873	0.01907018	-0.00877856	
8.12753868	0.00000000	0.00245385	0.00000000	0.00245385	0.00000000	0.00041028	0.00000000	0.00215399	0.00000000	0.00010257	0.00000000	0.00053850	0.00000000	0.00000000	0.00000000	0.00000000	0.00000000	0.00000000	0.00823436	0.00424362	0.01620491	0.00298629	0.00190836	0.00412022	0.00228351	82.32265472	16.22014427	12.55346012	12.55346012	3.03725696	0.00572847	0.01047644	0.92362851	0.46181425	9.20387650	3.03725696	0.99970466	7.12783384	0.00847404	0.02467894	-0.03057521	
8.09534168	0.00000000	0.00253798	0.00000000	0.00253798	0.00000000	0.00042435	0.00000000	0.00222784	0.00000000	0.00010609	0.00000000	0.00055696	0.00000000	0.00000000	0.00000000	0.00000000	0.00000000	0.00000000	0.00850278	0.00319283	0.01817824	0.00298775	0.00196520	0.00409157	0.00235688	97.21704865	16.46735382	12.77147388	12.77147388	3.06298614	0.00636705	0.01181119	1.26376033	0.63188016	9.62108517	3.06298614	0.99969506	7.09564590	0.00723071	0.02540895	-0.00818898	
8.06274700	0.00000000	0.00246282	0.00000000	0.00246282	0.00000000	0.00041178	0.00000000	0.00216187	0.00000000	0.00010295	0.00000000	0.00054047	0.00000000	0.00000000	0.00000000	0.00000000	0.00000000	0.00000000	0.00823794	0.00282615	0.01634810	0.00294214	0.00183224	0.00403644	0.00217782	77.33782196	16.13834953	11.75058270	11.75058270	2.78586340	0.00585948	0.01048862	0.94397032	0.47198516	9.01236153	2.78586340	0.99968493	7.06306171	0.00456803	0.02091613	-0.00450954	
8.00124741	0.00000000	0.00175871	0.00000000	0.00175871	0.00000000	0.00029406	0.00000000	0.00154379	0.00000000	0.00007351	0.00000000	0.00038595	0.00000000	0.00000000	0.00000000	0.00000000	0.00000000	0.00000000	0.00590383	0.00104307	0.01226593	0.00264486	0.00147294	0.00352872	0.00168485	52.90827942	14.62358761	8.83839417	8.83839417	1.99980533	0.00451283	0.00775310	0.74573177	0.37286589	7.61047697	1.99980533	0.99966389	7.00158215	0.00160238	0.01386830	-0.00366927	
4.63316679	0.00000000	0.00085345	0.00000000	0.00085345	0.00000000	0.00014270	0.00000000	0.00074915	0.00000000	0.00003567	0.00000000	0.00018729	0.00000000	0.00000000	0.00000000	0.00000000	0.00000000	0.00000000	0.00289168	-0.00152346	0.00559594	0.00229734	0.00150324	0.00300454	0.00176595	37.28425217	11.10052204	7.03424215	6.88543940	2.36952090	0.00235832	0.00323762	0.41214946	0.20607473	6.00320292	2.44445825	0.90227669	3.73088980	0.00259716	0.00819310	-0.00385987	
0.00000000	0.00000000	0.00000000	0.00000000	0.00000000	0.00000000	0.00000000	0.00000000	0.00000000	0.00000000	0.00000000	0.00000000	0.00000000	0.00000000	0.00000000	0.00000000	0.00000000	0.00000000	0.00000000	-0.00020047	-0.00404268	0.00000000	0.00108321	0.00078414	0.00116964	0.00080020	10.20645428	4.00575972	2.30643892	0.00000000	0.00000000	0.00000000	0.00000000	0.00000000	0.00000000	2.03389454	1.16152990	0.00000000	0.00000000	0.00000000	0.00000000	-0.00382537	
0.00000000	0.00000000	0.00000000	0.00000000	0.00000000	0.00000000	0.00000000	0.00000000	0.00000000	0.00000000	0.00000000	0.00000000	0.00000000	0.00000000	0.00000000	0.00000000	0.00000000	0.00000000	0.00000000	-0.00013368	-0.00370467	0.00000000	0.00108321	0.00078414	0.00116964	0.00080020	10.20645428	4.00575972	2.30643916	0.00000000	0.00000000	0.00000000	0.00000000	0.00000000	0.00000000	2.03389454	1.16152990	0.00000000	0.00000000	0.00000000	0.00000000	-0.00334207	
