0.00000000	0.00000000	0.00000000	0.00000000	0.00000000	0.00000000	0.00000000	0.00000000	0.00000000	0.00000000	0.00000000	0.00000000	0.00000000	0.00000000	0.00000000	0.00000000	0.00000000	0.00000000	0.00000000	-0.00010173	-0.00214467	0.00000000	0.00000000	0.00186586	0.00000000	0.00226234	48.99473953	11.20901775	9.54977322	0.00000000	0.00000000	0.00000000	0.00000000	0.00000000	0.00000000	6.42444944	5.08354235	0.00000000	0.00000000	0.00000000	0.00000000	-0.01153333	
0.00000000	0.00000000	0.00000000	0.00000000	0.00000000	0.00000000	0.00000000	0.00000000	0.00000000	0.00000000	0.00000000	0.00000000	0.00000000	0.00000000	0.00000000	0.00000000	0.00000000	0.00000000	0.00000000	-0.00008416	-0.00181344	0.00000000	0.00000000	0.00186586	0.00000000	0.00226234	48.99473953	11.20901775	9.54977322	0.00000000	0.00000000	0.00000000	0.00000000	0.00000000	0.00000000	6.42444897	5.08354235	0.00000000	0.00000000	0.00000000	0.00000000	-0.01028437	
0.00000000	0.00000000	0.00000000	0.00000000	0.00000000	0.00000000	0.00000000	0.00000000	0.00000000	0.00000000	0.00000000	0.00000000	0.00000000	0.00000000	0.00000000	0.00000000	0.00000000	0.00000000	0.00000000	-0.00010000	-0.00266006	0.00000000	0.00000000	0.00186586	0.00000000	0.00226234	48.99473953	11.20901775	9.54977322	0.00000000	0.00000000	0.00000000	0.00000000	0.00000000	0.00000000	6.42444944	5.08354235	0.00000000	0.00000000	0.00000000	0.00000000	-0.01081366	
1.02657056	0.00000000	0.00066787	0.00000000	0.00066787	0.00000000	0.00011167	0.00000000	0.00058626	0.00000000	0.00002792	0.00000000	0.00014656	0.00797611	0.00797611	0.00133361	0.00700143	0.00033340	0.00175036	0.00217481	-0.00291562	0.00347550	0.00112927	0.00204388	0.00154701	0.00254394	54.77166748	11.96577454	10.03576565	4.28759527	2.09059381	0.00185289	0.00162261	0.21845655	0.10922828	6.99695015	5.14071989	0.33586082	0.69070983	0.00071544	0.00419094	-0.00927777	
7.41605520	0.00000000	0.00230534	0.00000000	0.00230534	0.00000000	0.00038545	0.00000000	0.00202363	0.00000000	0.00009636	0.00000000	0.00050591	0.00601822	0.00601822	0.00100625	0.00528280	0.00025156	0.00132070	0.00775266	0.00349597	0.01332778	0.00277684	0.00177282	0.00379691	0.00212023	61.55565643	13.85077095	10.77170467	10.77170467	3.07557893	0.00466634	0.00866144	0.57606208	0.28803104	7.65456009	3.07557893	0.99869329	6.41736126	0.00693387	0.02026165	-0.01470679	
8.46594524	0.00000000	0.00265720	0.00000000	0.00265720	0.00000000	0.00044428	0.00000000	0.00233249	0.00000000	0.00011107	0.00000000	0.00058312	0.00000000	0.00000000	0.00000000	0.00000000	0.00000000	0.00000000	0.00890551	0.00273377	0.01806874	0.00300978	0.00189741	0.00415381	0.00226415	86.26815796	16.17927361	12.36012554	12.36012554	2.81413126	0.00635374	0.01171499	1.03842568	0.51921284	9.16882801	2.81413126	0.99978942	7.46615553	0.00653549	0.02460423	-0.02877075	
8.43240643	0.00000000	0.00264799	0.00000000	0.00264799	0.00000000	0.00044274	0.00000000	0.00232441	0.00000000	0.00011069	0.00000000	0.00058110	0.00000000	0.00000000	0.00000000	0.00000000	0.00000000	0.00000000	0.00886542	0.00352645	0.01828933	0.00304168	0.00192222	0.00420507	0.00229746	87.77857971	16.40368652	12.40914345	12.40914345	2.80744147	0.00646601	0.01182331	1.07827973	0.53913987	9.32765770	2.80744147	0.99978226	7.43262529	0.00588478	0.02417411	-0.06671807	
8.39845562	0.00000000	0.00243376	0.00000000	0.00243376	0.00000000	0.00040693	0.00000000	0.00213636	0.00000000	0.00010173	0.00000000	0.00053409	0.00000000	0.00000000	0.00000000	0.00000000	0.00000000	0.00000000	0.00814811	0.00405925	0.01642411	0.00301097	0.00192565	0.00417000	0.00231228	86.95392609	16.15250206	12.86120987	12.86120987	3.03039670	0.00573108	0.01069303	0.94672900	0.47336450	9.17729568	3.03039670	0.99977481	7.39868021	0.00690792	0.02333204	-0.09520528	
8.33439350	0.00000000	0.00204725	0.00000000	0.00204725	0.00000000	0.00034230	0.00000000	0.00179708	0.00000000	0.00008558	0.00000000	0.00044927	0.00000000	0.00000000	0.00000000	0.00000000	0.00000000	0.00000000	0.00685930	0.00244414	0.01386393	0.00281775	0.00169127	0.00383576	0.00198993	69.90998077	15.17138004	11.00734329	11.00734329	2.57545257	0.00489384	0.00897009	0.80466354	0.40233177	8.24344254	2.57545257	0.99975902	7.33463430	0.00402275	0.01788667	-0.03890333	
4.82607746	0.00000000	0.00101369	0.00000000	0.00101369	0.00000000	0.00016949	0.00000000	0.00088981	0.00000000	0.00004237	0.00000000	0.00022245	0.00000000	0.00000000	0.00000000	0.00000000	0.00000000	0.00000000	0.00341951	-0.00002133	0.00634281	0.00254028	0.00173779	0.00339212	0.00207718	41.62501526	11.46148586	7.90698099	7.72270298	2.66142416	0.00256794	0.00377487	0.42651451	0.21325725	6.27084875	2.75576591	0.90582043	3.92025733	0.00321640	0.00955922	-0.02936033	
0.00000000	0.00000000	0.00000000	0.00000000	0.00000000	0.00000000	0.00000000	0.00000000	0.00000000	0.00000000	0.00000000	0.00000000	0.00000000	0.00000000	0.00000000	0.00000000	0.00000000	0.00000000	0.00000000	-0.00017728	-0.00321621	0.00000000	0.00182885	0.00141448	0.00222091	0.00161251	12.89481449	5.43986034	2.85630512	0.00000000	0.00000000	0.00000000	0.00000000	0.00000000	0.00000000	2.81642890	1.46229208	0.00000000	0.00000000	0.00000000	0.00000000	-0.01453547	
0.00000000	0.00000000	0.00000000	0.00000000	0.00000000	0.00000000	0.00000000	0.00000000	0.00000000	0.00000000	0.00000000	0.00000000	0.00000000	0.00000000	0.00000000	0.00000000	0.00000000	0.00000000	0.00000000	-0.00011310	-0.00189966	0.00000000	0.00182885	0.00141448	0.00222091	0.00161251	12.89481354	5.43986082	2.85630536	0.00000000	0.00000000	0.00000000	0.00000000	0.00000000	0.00000000	2.81642890	1.46229208	0.00000000	0.00000000	0.00000000	0.00000000	-0.01112048	
0.00000000	0.00000000	0.00000000	0.00000000	0.00000000	0.00000000	0.00000000	0.00000000	0.00000000	0.00000000	0.00000000	0.00000000	0.00000000	0.00000000	0.00000000	0.00000000	0.00000000	0.00000000	0.00000000	-0.00007836	-0.00152281	0.00000000	0.00182885	0.00141448	0.00222091	0.00161251	12.89481354	5.43986082	2.85630536	0.00000000	0.00000000	0.00000000	0.00000000	0.00000000	0.00000000	2.81642890	1.46229208	0.00000000	0.00000000	0.00000000	0.00000000	-0.01456204	
0.00000000	0.00000000	0.00000000	0.00000000	0.00000000	0.00000000	0.00000000	0.00000000	0.00000000	0.00000000	0.00000000	0.00000000	0.00000000	0.00000000	0.00000000	0.00000000	0.00000000	0.00000000	0.00000000	-0.00009544	-0.00176962	0.00000000	0.00182885	0.00141448	0.00222091	0.00161251	12.89481449	5.43986034	2.85630488	0.00000000	0.00000000	0.00000000	0.00000000	0.00000000	0.00000000	2.81642890	1.46229208	0.00000000	0.00000000	0.00000000	0.00000000	-0.01113252	
0.00000000	0.00000000	0.00000000	0.00000000	0.00000000	0.00000000	0.00000000	0.00000000	0.00000000	0.00000000	0.00000000	0.00000000	0.00000000	0.00000000	0.00000000	0.00000000	0.00000000	0.00000000	0.00000000	-0.00012486	-0.00350312	0.00000000	0.00182885	0.00141448	0.00222091	0.00161251	12.89481354	5.43986082	2.85630536	0.00000000	0.00000000	0.00000000	0.00000000	0.00000000	0.00000000	2.81642890	1.46229208	0.00000000	0.00000000	0.00000000	0.00000000	-0.01063365	
1.13117135	0.00000000	0.00072624	0.00000000	0.00072624	0.00000000	0.00012143	0.00000000	0.00063750	0.00000000	0.00003036	0.00000000	0.00015937	0.00806453	0.00806453	0.00134839	0.00707904	0.00033710	0.00176976	0.00238407	-0.00289001	0.00387788	0.00216930	0.00173905	0.00277234	0.00209197	36.43315887	8.29109001	6.16456175	4.52361059	2.18141580	0.00194937	0.00192851	0.25341904	0.12670952	4.75861597	3.01004815	0.36499757	0.76617372	0.00097770	0.00485557	-0.01122094	
7.18744802	0.00000000	0.00229810	0.00000000	0.00229810	0.00000000	0.00038424	0.00000000	0.00201728	0.00000000	0.00009606	0.00000000	0.00050432	0.00529828	0.00529828	0.00088587	0.00465083	0.00022147	0.00116271	0.00772678	0.00180620	0.01377385	0.00274376	0.00172967	0.00371724	0.00204859	62.17889023	14.31616592	10.42062569	10.42062569	2.88109422	0.00495418	0.00881967	0.65960652	0.32980326	7.93159819	2.88109422	0.99861014	6.18883753	0.00563959	0.01941343	-0.01181965	
8.07393265	0.00000000	0.00236993	0.00000000	0.00236993	0.00000000	0.00039625	0.00000000	0.00208032	0.00000000	0.00009906	0.00000000	0.00052008	0.00000000	0.00000000	0.00000000	0.00000000	0.00000000	0.00000000	0.00795392	0.00198770	0.01558138	0.00283051	0.00172983	0.00385834	0.00204888	72.11384583	15.39857006	11.08702278	11.08702278	2.66481161	0.00556527	0.01001611	0.84469128	0.42234564	8.46305943	2.66481161	0.99968845	7.07424355	0.00611952	0.02170090	-0.02589212	
8.04194736	0.00000000	0.00264501	0.00000000	0.00264501	0.00000000	0.00044225	0.00000000	0.00232179	0.00000000	0.00011056	0.00000000	0.00058045	0.00000000	0.00000000	0.00000000	0.00000000	0.00000000	0.00000000	0.00885390	0.00358552	0.01696398	0.00298457	0.00190056	0.00411897	0.00227256	80.63667297	16.04397964	12.39514351	12.39514351	3.00762749	0.00603295	0.01093102	0.89148134	0.44574067	9.08509254	3.00762749	0.99967831	7.04227066	0.00676929	0.02373327	-0.03569829	
8.00956821	0.00000000	0.00240820	0.00000000	0.00240820	0.00000000	0.00040265	0.00000000	0.00211392	0.00000000	0.00010066	0.00000000	0.00052848	0.00000000	0.00000000	0.00000000	0.00000000	0.00000000	0.00000000	0.00805886	0.00282153	0.01658041	0.00296703	0.00186480	0.00407794	0.00222161	80.04885101	16.11454964	11.68257427	11.68257427	2.73246074	0.00597575	0.01060466	1.01627290	0.50813645	9.09260178	2.73246074	0.99966770	7.00990009	0.00421345	0.02079386	-0.05522516	
7.94847250	0.00000000	0.00191326	0.00000000	0.00191326	0.00000000	0.00031990	0.00000000	0.00167946	0.00000000	0.00007997	0.00000000	0.00041987	0.00000000	0.00000000	0.00000000	0.00000000	0.00000000	0.00000000	0.00641793	0.00214823	0.01257268	0.00271129	0.00161618	0.00366539	0.00189733	61.87096024	14.66097832	10.28008938	10.28008938	2.53965878	0.00448593	0.00808675	0.70042819	0.35021409	7.86124611	2.53965878	0.99964577	6.94882822	0.00397861	0.01655129	-0.02792353	
4.60260820	0.00000000	0.00096367	0.00000000	0.00096367	0.00000000	0.00016113	0.00000000	0.00084591	0.00000000	0.00004028	0.00000000	0.00021148	0.00000000	0.00000000	0.00000000	0.00000000	0.00000000	0.00000000	0.00324287	-0.00058776	0.00582397	0.00240333	0.00158896	0.00315872	0.00186869	35.04821396	10.91613674	6.89526272	6.66549015	2.41416430	0.00242184	0.00340214	0.37533781	0.18766890	5.95333719	2.53743815	0.90168458	3.70092320	0.00200317	0.00782714	-0.01271734	
0.00000000	0.00000000	0.00000000	0.00000000	0.00000000	0.00000000	0.00000000	0.00000000	0.00000000	0.00000000	0.00000000	0.00000000	0.00000000	0.00000000	0.00000000	0.00000000	0.00000000	0.00000000	0.00000000	-0.00019856	-0.00418789	0.00000000	0.00183674	0.00137645	0.00219836	0.00154078	18.42792320	9.32936478	3.56148505	0.00000000	0.00000000	0.00000000	0.00000000	0.00000000	0.00000000	5.35729027	1.91074395	0.00000000	0.00000000	0.00000000	0.00000000	-0.01113903	
0.00000000	0.00000000	0.00000000	0.00000000	0.00000000	0.00000000	0.00000000	0.00000000	0.00000000	0.00000000	0.00000000	0.00000000	0.00000000	0.00000000	0.00000000	0.00000000	0.00000000	0.00000000	0.00000000	-0.00010869	-0.00222002	0.00000000	0.00183674	0.00137645	0.00219836	0.00154078	18.42792320	9.32936573	3.56148505	0.00000000	0.00000000	0.00000000	0.00000000	0.00000000	0.00000000	5.35728979	1.91074395	0.00000000	0.00000000	0.00000000	0.00000000	-0.01214530	
0.00000000	0.00000000	0.00000000	0.00000000	0.00000000	0.00000000	0.00000000	0.00000000	0.00000000	0.00000000	0.00000000	0.00000000	0.00000000	0.00000000	0.00000000	0.00000000	0.00000000	0.00000000	0.00000000	-0.00009067	-0.00186893	0.00000000	0.00183674	0.00137645	0.00219836	0.00154078	18.42792320	9.32936573	3.56148505	0.00000000	0.00000000	0.00000000	0.00000000	0.00000000	0.00000000	5.35728979	1.91074395	0.00000000	0.00000000	0.00000000	0.00000000	-0.01311241	
0.00000000	0.00000000	0.00000000	0.00000000	0.00000000	0.00000000	0.00000000	0.00000000	0.00000000	0.00000000	0.00000000	0.00000000	0.00000000	0.00000000	0.00000000	0.00000000	0.00000000	0.00000000	0.00000000	-0.00008077	-0.00188712	0.00000000	0.00183674	0.00137645	0.00219836	0.00154078	18.42792320	9.32936382	3.56148505	0.00000000	0.00000000	0.00000000	0.00000000	0.00000000	0.00000000	5.35729074	1.91074395	0.00000000	0.00000000	0.00000000	0.00000000	-0.01064906	
0.00000000	0.00000000	0.00000000	0.00000000	0.00000000	0.00000000	0.00000000	0.00000000	0.00000000	0.00000000	0.00000000	0.00000000	0.00000000	0.00000000	0.00000000	0.00000000	0.00000000	0.00000000	0.00000000	-0.00013929	-0.00392197	0.00000000	0.00183674	0.00137645	0.00219836	0.00154078	18.42792320	9.32936573	3.56148505	0.00000000	0.00000000	0.00000000	0.00000000	0.00000000	0.00000000	5.35728979	1.91074395	0.00000000	0.00000000	0.00000000	0.00000000	-0.01241151	
2.67061782	0.00000000	0.00128457	0.00000000	0.00128457	0.00000000	0.00021478	0.00000000	0.00112759	0.00000000	0.00005369	0.00000000	0.00028190	0.01067483	0.01067483	0.00178483	0.00937037	0.00044621	0.00234259	0.00427506	-0.00090356	0.00666508	0.00250569	0.00193643	0.00334535	0.00239625	42.33990860	11.23624516	7.99416065	7.04443169	3.12086010	0.00304647	0.00361860	0.30832168	0.15416084	6.41298914	3.63039184	0.65653813	2.01407957	0.00194646	0.00861153	-0.01185281	
7.54544878	0.00000000	0.00239102	0.00000000	0.00239102	0.00000000	0.00039978	0.00000000	0.00209884	0.00000000	0.00009994	0.00000000	0.00052471	0.00236385	0.00236385	0.00039524	0.00207499	0.00009881	0.00051875	0.00803250	0.00319221	0.01467821	0.00281123	0.00178246	0.00383198	0.00212608	69.06931305	14.74946117	11.07240677	11.07240677	2.98460460	0.00520442	0.00947379	0.74326301	0.37163150	8.25800037	2.98460460	0.99941063	6.54603767	0.00609154	0.02076975	-0.02804178	
7.81384325	0.00000000	0.00268121	0.00000000	0.00268121	0.00000000	0.00044830	0.00000000	0.00235356	0.00000000	0.00011207	0.00000000	0.00058839	0.00000000	0.00000000	0.00000000	0.00000000	0.00000000	0.00000000	0.00898172	0.00340136	0.01765459	0.00300258	0.00194283	0.00414341	0.00233367	83.72531891	16.30543709	12.27951431	12.27951431	3.00631189	0.00634494	0.01130965	1.00981092	0.50490546	9.34588814	3.00631189	0.99959582	6.81424809	0.00626189	0.02391649	-0.05667282	
7.78288841	0.00000000	0.00273146	0.00000000	0.00273146	0.00000000	0.00045670	0.00000000	0.00239767	0.00000000	0.00011417	0.00000000	0.00059942	0.00000000	0.00000000	0.00000000	0.00000000	0.00000000	0.00000000	0.00913848	0.00413884	0.01874152	0.00301301	0.00203080	0.00413863	0.00245051	98.16431427	16.44179916	13.17686939	13.17686939	3.33209085	0.00659857	0.01214295	1.18979716	0.59489858	9.73524666	3.33209085	0.99958318	6.78330564	0.00711867	0.02586019	-0.10345671	
7.75155354	0.00000000	0.00232043	0.00000000	0.00232043	0.00000000	0.00038798	0.00000000	0.00203688	0.00000000	0.00009699	0.00000000	0.00050922	0.00000000	0.00000000	0.00000000	0.00000000	0.00000000	0.00000000	0.00777076	0.00334839	0.01605150	0.00293862	0.00185840	0.00401524	0.00220864	79.86962891	16.12727737	11.59918594	11.59918594	2.80128384	0.00583399	0.01021752	1.02113235	0.51056617	9.15753269	2.80128384	0.99956995	6.75198078	0.00445317	0.02050467	-0.11673924	
7.67031670	0.00000000	0.00210139	0.00000000	0.00210139	0.00000000	0.00035135	0.00000000	0.00184460	0.00000000	0.00008784	0.00000000	0.00046115	0.00000000	0.00000000	0.00000000	0.00000000	0.00000000	0.00000000	0.00703860	0.00349467	0.01375433	0.00282674	0.00179544	0.00384263	0.00212972	74.98688507	15.29466534	11.63649464	11.63649464	2.97651291	0.00490599	0.00884834	0.83043283	0.41521642	8.61764050	2.97651291	0.99953038	6.67078543	0.00487389	0.01862822	-0.08284451	
4.31002188	0.00000000	0.00095915	0.00000000	0.00095915	0.00000000	0.00016037	0.00000000	0.00084194	0.00000000	0.00004009	0.00000000	0.00021049	0.00000000	0.00000000	0.00000000	0.00000000	0.00000000	0.00000000	0.00316068	-0.00149747	0.00593892	0.00254889	0.00182292	0.00341355	0.00221981	46.64515686	12.24802971	8.73219013	8.11908054	3.12214661	0.00260329	0.00333563	0.44664797	0.22332399	6.84778404	3.44893289	0.89420062	3.41582203	0.00306572	0.00900464	-0.02765343	
0.00000000	0.00000000	0.00000000	0.00000000	0.00000000	0.00000000	0.00000000	0.00000000	0.00000000	0.00000000	0.00000000	0.00000000	0.00000000	0.00000000	0.00000000	0.00000000	0.00000000	0.00000000	0.00000000	-0.00016806	-0.00387741	0.00000000	0.00227359	0.00186593	0.00292781	0.00226244	48.98851395	11.06179714	9.50320721	0.00000000	0.00000000	0.00000000	0.00000000	0.00000000	0.00000000	6.34986353	5.06518602	0.00000000	0.00000000	0.00000000	0.00000000	-0.00744167	
0.00000000	0.00000000	0.00000000	0.00000000	0.00000000	0.00000000	0.00000000	0.00000000	0.00000000	0.00000000	0.00000000	0.00000000	0.00000000	0.00000000	0.00000000	0.00000000	0.00000000	0.00000000	0.00000000	-0.00009218	-0.00167913	0.00000000	0.00227358	0.00186593	0.00292781	0.00226244	48.98851395	11.06179714	9.50320721	0.00000000	0.00000000	0.00000000	0.00000000	0.00000000	0.00000000	6.34986401	5.06518602	0.00000000	0.00000000	0.00000000	0.00000000	-0.01467633	
