0.00000000	0.00000000	0.00000000	0.00000000	0.00000000	0.00000000	0.00000000	0.00000000	0.00000000	0.00000000	0.00000000	0.00000000	0.00000000	0.00000000	0.00000000	0.00000000	0.00000000	0.00000000	0.00000000	-0.00007371	-0.00188838	0.00000000	0.00000000	0.00187675	0.00000000	0.00227918	47.86185455	10.92725658	9.35351467	0.00000000	0.00000000	0.00000000	0.00000000	0.00000000	0.00000000	6.23994398	5.01303101	0.00000000	0.00000000	0.00000000	0.00000000	-0.04596846	
0.00000000	0.00000000	0.00000000	0.00000000	0.00000000	0.00000000	0.00000000	0.00000000	0.00000000	0.00000000	0.00000000	0.00000000	0.00000000	0.00000000	0.00000000	0.00000000	0.00000000	0.00000000	0.00000000	-0.00006130	-0.00175357	0.00000000	0.00000000	0.00187675	0.00000000	0.00227918	47.86185837	10.92725849	9.35351467	0.00000000	0.00000000	0.00000000	0.00000000	0.00000000	0.00000000	6.23994398	5.01303101	0.00000000	0.00000000	0.00000000	0.00000000	-0.02184283	
0.00000000	0.00000000	0.00000000	0.00000000	0.00000000	0.00000000	0.00000000	0.00000000	0.00000000	0.00000000	0.00000000	0.00000000	0.00000000	0.00000000	0.00000000	0.00000000	0.00000000	0.00000000	0.00000000	-0.00007164	-0.00206227	0.00000000	0.00000000	0.00187675	0.00000000	0.00227918	47.86185455	10.92725658	9.35351467	0.00000000	0.00000000	0.00000000	0.00000000	0.00000000	0.00000000	6.23994398	5.01303101	0.00000000	0.00000000	0.00000000	0.00000000	-0.02500823	
0.57021970	0.00000000	0.00050729	0.00000000	0.00050729	0.00000000	0.00008482	0.00000000	0.00044530	0.00000000	0.00002120	0.00000000	0.00011132	0.00406530	0.00406530	0.00067972	0.00356852	0.00016993	0.00089213	0.00175200	-0.00244722	0.00264158	0.00123339	0.00213111	0.00169392	0.00268796	54.02811432	11.53815365	9.89412022	4.55169678	2.47329807	0.00178329	0.00085829	0.21306406	0.10653203	6.74288511	5.31677246	0.28993115	0.28028855	0.00006168	0.00270325	-0.01909313	
3.62316895	0.00000000	0.00199576	0.00000000	0.00199576	0.00000000	0.00033369	0.00000000	0.00175188	0.00000000	0.00008342	0.00000000	0.00043797	0.00267084	0.00267084	0.00044657	0.00234447	0.00011164	0.00058612	0.00688838	0.00326400	0.01050960	0.00277684	0.00215260	0.00379691	0.00270969	58.72331619	13.02323532	10.37987709	10.37987709	4.47756624	0.00483475	0.00567485	0.51566553	0.25783277	7.63861799	4.47756624	0.96906161	2.65410709	0.00386239	0.01437200	-0.02176941	
4.07004261	0.00000000	0.00229253	0.00000000	0.00229253	0.00000000	0.00038331	0.00000000	0.00201238	0.00000000	0.00009583	0.00000000	0.00050310	0.00000000	0.00000000	0.00000000	0.00000000	0.00000000	0.00000000	0.00784629	0.00404336	0.01325001	0.00300647	0.00234664	0.00414754	0.00296981	84.39370728	15.47225094	12.22088623	12.22088623	4.88096619	0.00583789	0.00741212	0.93520957	0.46760479	9.63830376	4.88096619	0.98292309	3.08711934	0.00567282	0.01892283	-0.13080913	
4.05391979	0.00000000	0.00115537	0.00000000	0.00115537	0.00000000	0.00019318	0.00000000	0.00101418	0.00000000	0.00004829	0.00000000	0.00025355	0.00000000	0.00000000	0.00000000	0.00000000	0.00000000	0.00000000	0.00378904	0.00207695	0.00819801	0.00135877	0.00104207	0.00169409	0.00120041	86.00997162	7.84279442	6.63730526	6.60627604	2.98928738	0.00334553	0.00485248	0.97080225	0.48540112	5.07176018	2.98959422	0.98264557	3.07127333	0.00323753	0.01143553	-2.71361613	
4.03759623	0.00000000	0.00014543	0.00000000	0.00014543	0.00000000	0.00002432	0.00000000	0.00012765	0.00000000	0.00000608	0.00000000	0.00003191	0.00000000	0.00000000	0.00000000	0.00000000	0.00000000	0.00000000	0.00021976	-0.00014475	0.00320503	0.00029883	0.00022058	0.00029339	0.00018430	84.76757812	1.94183791	1.45300639	1.44793558	0.84494549	0.00115166	0.00205337	0.85211110	0.42605555	1.34101200	0.84695417	0.98236001	3.05523658	0.00035324	0.00355826	-52.01660919	
4.00679874	0.00000000	0.00105616	0.00000000	0.00105616	0.00000000	0.00017659	0.00000000	0.00092710	0.00000000	0.00004415	0.00000000	0.00023177	0.00000000	0.00000000	0.00000000	0.00000000	0.00000000	0.00000000	0.00352564	0.00143831	0.00699279	0.00174950	0.00129429	0.00231561	0.00155527	67.94876862	9.14738560	6.62633324	6.61747456	2.76140976	0.00300834	0.00398445	0.72386444	0.36193222	5.50572491	2.76219964	0.98179448	3.02500463	0.00169500	0.00868779	-8.53689098	
2.32015920	0.00000000	0.00086884	0.00000000	0.00086884	0.00000000	0.00014527	0.00000000	0.00076267	0.00000000	0.00003632	0.00000000	0.00019067	0.00000000	0.00000000	0.00000000	0.00000000	0.00000000	0.00000000	0.00311533	-0.00002220	0.00493696	0.00254028	0.00200270	0.00339212	0.00248291	39.20637894	10.59426975	7.50028658	7.32618952	3.35448670	0.00261714	0.00231981	0.37569302	0.18784651	6.03389597	3.44512892	0.80586511	1.51429415	0.00130621	0.00624317	-0.07830413	
0.00000000	0.00000000	0.00000000	0.00000000	0.00000000	0.00000000	0.00000000	0.00000000	0.00000000	0.00000000	0.00000000	0.00000000	0.00000000	0.00000000	0.00000000	0.00000000	0.00000000	0.00000000	0.00000000	-0.00010035	-0.00296326	0.00000000	0.00182885	0.00143870	0.00222091	0.00164630	12.15393353	5.03059530	2.69850636	0.00000000	0.00000000	0.00000000	0.00000000	0.00000000	0.00000000	2.60027242	1.40495420	0.00000000	0.00000000	0.00000000	0.00000000	-0.04171309	
0.00000000	0.00000000	0.00000000	0.00000000	0.00000000	0.00000000	0.00000000	0.00000000	0.00000000	0.00000000	0.00000000	0.00000000	0.00000000	0.00000000	0.00000000	0.00000000	0.00000000	0.00000000	0.00000000	-0.00006428	-0.00192247	0.00000000	0.00182885	0.00143870	0.00222091	0.00164630	12.15393353	5.03059530	2.69850659	0.00000000	0.00000000	0.00000000	0.00000000	0.00000000	0.00000000	2.60027242	1.40495408	0.00000000	0.00000000	0.00000000	0.00000000	-0.03168889	
0.00000000	0.00000000	0.00000000	0.00000000	0.00000000	0.00000000	0.00000000	0.00000000	0.00000000	0.00000000	0.00000000	0.00000000	0.00000000	0.00000000	0.00000000	0.00000000	0.00000000	0.00000000	0.00000000	-0.00004423	-0.00140589	0.00000000	0.00182885	0.00143870	0.00222091	0.00164630	12.15393353	5.03059530	2.69850659	0.00000000	0.00000000	0.00000000	0.00000000	0.00000000	0.00000000	2.60027242	1.40495408	0.00000000	0.00000000	0.00000000	0.00000000	-0.03954576	
0.00000000	0.00000000	0.00000000	0.00000000	0.00000000	0.00000000	0.00000000	0.00000000	0.00000000	0.00000000	0.00000000	0.00000000	0.00000000	0.00000000	0.00000000	0.00000000	0.00000000	0.00000000	0.00000000	-0.00005331	-0.00151676	0.00000000	0.00182885	0.00143870	0.00222091	0.00164630	12.15393353	5.03059530	2.69850612	0.00000000	0.00000000	0.00000000	0.00000000	0.00000000	0.00000000	2.60027242	1.40495420	0.00000000	0.00000000	0.00000000	0.00000000	-0.02847432	
0.00000000	0.00000000	0.00000000	0.00000000	0.00000000	0.00000000	0.00000000	0.00000000	0.00000000	0.00000000	0.00000000	0.00000000	0.00000000	0.00000000	0.00000000	0.00000000	0.00000000	0.00000000	0.00000000	-0.00006834	-0.00239652	0.00000000	0.00182885	0.00143870	0.00222091	0.00164630	12.15393353	5.03059530	2.69850659	0.00000000	0.00000000	0.00000000	0.00000000	0.00000000	0.00000000	2.60027242	1.40495408	0.00000000	0.00000000	0.00000000	0.00000000	-0.02737837	
0.82979375	0.00000000	0.00068451	0.00000000	0.00068451	0.00000000	0.00011445	0.00000000	0.00060086	0.00000000	0.00002861	0.00000000	0.00015022	0.00507763	0.00507763	0.00084898	0.00445714	0.00021224	0.00111429	0.00236728	-0.00076417	0.00355339	0.00221374	0.00183261	0.00284770	0.00223849	36.67728806	8.09403419	6.24723721	4.87284660	2.55647230	0.00211179	0.00144159	0.25360593	0.12680297	4.67520189	3.25894928	0.36754340	0.46225032	0.00038283	0.00393621	-0.02315598	
4.25250292	0.00000000	0.00217376	0.00000000	0.00217376	0.00000000	0.00036345	0.00000000	0.00190812	0.00000000	0.00009086	0.00000000	0.00047703	0.00268513	0.00268513	0.00044895	0.00235701	0.00011224	0.00058925	0.00745160	0.00393734	0.01178058	0.00274376	0.00202717	0.00371724	0.00250053	60.61205673	13.76679516	10.22929764	10.22929764	4.00452423	0.00507568	0.00670490	0.61051440	0.30525720	8.10192013	4.00452423	0.98348153	3.26902151	0.00377300	0.01555358	-0.02472164	
4.68151236	0.00000000	0.00236117	0.00000000	0.00236117	0.00000000	0.00039479	0.00000000	0.00207263	0.00000000	0.00009870	0.00000000	0.00051816	0.00000000	0.00000000	0.00000000	0.00000000	0.00000000	0.00000000	0.00804998	0.00383482	0.01338161	0.00283051	0.00206656	0.00385834	0.00255938	70.79314423	14.90042973	10.97510052	10.97510052	4.03383541	0.00561250	0.00776911	0.78346884	0.39173442	8.90216732	4.03383541	0.99073470	3.69077682	0.00460285	0.01798446	-0.03136267	
4.66296577	0.00000000	0.00254142	0.00000000	0.00254142	0.00000000	0.00042492	0.00000000	0.00223086	0.00000000	0.00010623	0.00000000	0.00055771	0.00000000	0.00000000	0.00000000	0.00000000	0.00000000	0.00000000	0.00862640	0.00465818	0.01426910	0.00298457	0.00225037	0.00411897	0.00281764	79.14340210	15.52048874	12.26418781	12.26418781	4.53469419	0.00596508	0.00830401	0.82668132	0.41334066	9.44964409	4.53469419	0.99056131	3.67240453	0.00538250	0.01965160	-0.04645740	
4.64419127	0.00000000	0.00204961	0.00000000	0.00204961	0.00000000	0.00034270	0.00000000	0.00179915	0.00000000	0.00008567	0.00000000	0.00044979	0.00000000	0.00000000	0.00000000	0.00000000	0.00000000	0.00000000	0.00698212	0.00413132	0.01250605	0.00280916	0.00208799	0.00379257	0.00256695	78.89000702	15.09766674	11.39264107	11.38354015	4.18539572	0.00524954	0.00725651	0.94219035	0.47109517	9.27558613	4.18539572	0.99038261	3.65380883	0.00465722	0.01716327	-0.37252185	
4.60266638	0.00000000	0.00000000	0.00000000	0.00000000	0.00000000	0.00000000	0.00000000	0.00000000	0.00000000	0.00000000	0.00000000	0.00000000	0.00000000	0.00000000	0.00000000	0.00000000	0.00000000	0.00000000	-0.00022216	-0.00025679	0.00223918	0.00006111	0.00006111	0.00000000	0.00000000	60.44871521	0.54376245	0.54534930	0.54121119	0.51971883	0.00062360	0.00161558	0.64898735	0.32449368	0.53687894	0.52231044	0.98995870	3.61270785	0.00000000	0.00223918	-28.10485268	
2.62499475	0.00000000	0.00040215	0.00000000	0.00040215	0.00000000	0.00006724	0.00000000	0.00035301	0.00000000	0.00001681	0.00000000	0.00008825	0.00000000	0.00000000	0.00000000	0.00000000	0.00000000	0.00000000	0.00148883	-0.00053591	0.00282101	0.00160633	0.00122227	0.00204026	0.00144446	33.52031326	6.83468485	4.27716017	4.04121828	2.04287314	0.00147520	0.00134582	0.34093881	0.17046940	3.90577412	2.17288804	0.82821137	1.79678309	0.00043657	0.00325758	-1.91896951	
0.00000000	0.00000000	0.00000000	0.00000000	0.00000000	0.00000000	0.00000000	0.00000000	0.00000000	0.00000000	0.00000000	0.00000000	0.00000000	0.00000000	0.00000000	0.00000000	0.00000000	0.00000000	0.00000000	-0.00011151	-0.00350805	0.00000000	0.00183674	0.00139738	0.00219836	0.00156913	18.24141693	8.95738316	3.54496789	0.00000000	0.00000000	0.00000000	0.00000000	0.00000000	0.00000000	5.14388561	1.98930049	0.00000000	0.00000000	0.00000000	0.00000000	-0.02979730	
0.00000000	0.00000000	0.00000000	0.00000000	0.00000000	0.00000000	0.00000000	0.00000000	0.00000000	0.00000000	0.00000000	0.00000000	0.00000000	0.00000000	0.00000000	0.00000000	0.00000000	0.00000000	0.00000000	-0.00006146	-0.00216171	0.00000000	0.00183674	0.00139738	0.00219836	0.00156913	18.24141502	8.95738411	3.54496789	0.00000000	0.00000000	0.00000000	0.00000000	0.00000000	0.00000000	5.14388609	1.98930049	0.00000000	0.00000000	0.00000000	0.00000000	-0.02074236	
0.00000000	0.00000000	0.00000000	0.00000000	0.00000000	0.00000000	0.00000000	0.00000000	0.00000000	0.00000000	0.00000000	0.00000000	0.00000000	0.00000000	0.00000000	0.00000000	0.00000000	0.00000000	0.00000000	-0.00005085	-0.00166373	0.00000000	0.00183674	0.00139738	0.00219836	0.00156913	18.24141502	8.95738411	3.54496789	0.00000000	0.00000000	0.00000000	0.00000000	0.00000000	0.00000000	5.14388609	1.98930049	0.00000000	0.00000000	0.00000000	0.00000000	-0.02656845	
0.00000000	0.00000000	0.00000000	0.00000000	0.00000000	0.00000000	0.00000000	0.00000000	0.00000000	0.00000000	0.00000000	0.00000000	0.00000000	0.00000000	0.00000000	0.00000000	0.00000000	0.00000000	0.00000000	-0.00004513	-0.00153021	0.00000000	0.00183674	0.00139738	0.00219836	0.00156913	18.24141884	8.95738316	3.54496789	0.00000000	0.00000000	0.00000000	0.00000000	0.00000000	0.00000000	5.14388561	1.98930061	0.00000000	0.00000000	0.00000000	0.00000000	-0.02353000	
0.00000000	0.00000000	0.00000000	0.00000000	0.00000000	0.00000000	0.00000000	0.00000000	0.00000000	0.00000000	0.00000000	0.00000000	0.00000000	0.00000000	0.00000000	0.00000000	0.00000000	0.00000000	0.00000000	-0.00007654	-0.00293160	0.00000000	0.00183674	0.00139738	0.00219836	0.00156913	18.24141502	8.95738411	3.54496789	0.00000000	0.00000000	0.00000000	0.00000000	0.00000000	0.00000000	5.14388609	1.98930049	0.00000000	0.00000000	0.00000000	0.00000000	-0.01699697	
2.50582433	0.00000000	0.00132336	0.00000000	0.00132336	0.00000000	0.00022127	0.00000000	0.00116165	0.00000000	0.00005532	0.00000000	0.00029041	0.00866317	0.00866317	0.00144848	0.00760453	0.00036212	0.00190113	0.00454018	0.00123713	0.00684450	0.00257701	0.00205394	0.00345939	0.00257036	48.27740860	11.45498753	8.76974106	8.17540836	3.88957047	0.00340164	0.00344286	0.37296867	0.18648434	6.64956665	4.22112036	0.72263587	1.78318858	0.00187466	0.00871916	-0.03069691	
5.86226940	0.00000000	0.00232413	0.00000000	0.00232413	0.00000000	0.00038859	0.00000000	0.00204012	0.00000000	0.00009715	0.00000000	0.00051003	0.00135413	0.00135413	0.00022641	0.00118866	0.00005660	0.00029716	0.00789205	0.00434250	0.01341112	0.00281123	0.00194534	0.00383198	0.00237118	68.40389252	14.52098274	10.99854469	10.99854469	3.60420346	0.00511236	0.00829876	0.71942723	0.35971361	8.43871880	3.60420346	0.99706435	4.86520576	0.00566532	0.01907644	-0.02574360	
5.99192953	0.00000000	0.00143773	0.00000000	0.00143773	0.00000000	0.00024039	0.00000000	0.00126204	0.00000000	0.00006010	0.00000000	0.00031551	0.00000000	0.00000000	0.00000000	0.00000000	0.00000000	0.00000000	0.00473972	0.00295246	0.01060818	0.00182215	0.00127272	0.00240221	0.00149773	83.14595032	10.22509480	7.96665478	7.95305347	2.67828465	0.00378927	0.00681891	0.97643864	0.48821932	6.17997265	2.67832565	0.99750102	4.99442768	0.00527169	0.01587987	-2.57872868	
5.96819115	0.00000000	0.00023546	0.00000000	0.00023546	0.00000000	0.00003937	0.00000000	0.00020669	0.00000000	0.00000984	0.00000000	0.00005167	0.00000000	0.00000000	0.00000000	0.00000000	0.00000000	0.00000000	0.00024463	-0.00038706	0.00560342	0.00030735	0.00023163	0.00030868	0.00019698	97.53448486	1.99553740	1.73322570	1.72690082	0.89217257	0.00151673	0.00408670	1.15035224	0.57517612	1.41947174	0.89251840	0.99744099	4.97075081	0.00079122	0.00639464	-34.38629913	
5.94416237	0.00000000	0.00048525	0.00000000	0.00048525	0.00000000	0.00008113	0.00000000	0.00042596	0.00000000	0.00002028	0.00000000	0.00010649	0.00000000	0.00000000	0.00000000	0.00000000	0.00000000	0.00000000	0.00119022	0.00040037	0.00613163	0.00072377	0.00049278	0.00087876	0.00051444	79.37158966	4.26669407	3.16690564	3.14585233	1.29613256	0.00188963	0.00424199	0.98717153	0.49358577	2.66731858	1.29613256	0.99737883	4.94678307	0.00135598	0.00748760	-14804394.00000000	
5.87137556	0.00000000	0.00031871	0.00000000	0.00031871	0.00000000	0.00005329	0.00000000	0.00027976	0.00000000	0.00001332	0.00000000	0.00006994	0.00000000	0.00000000	0.00000000	0.00000000	0.00000000	0.00000000	0.00078202	0.00002788	0.00460842	0.00060500	0.00039472	0.00072085	0.00039774	74.32785797	3.52983928	2.40618849	2.40257931	1.01538706	0.00141048	0.00319794	0.80239952	0.40119976	2.13682294	1.01603043	0.99716514	4.87420940	0.00065929	0.00526771	-135.08827209	
3.25168633	0.00000000	0.00085225	0.00000000	0.00085225	0.00000000	0.00014250	0.00000000	0.00074811	0.00000000	0.00003562	0.00000000	0.00018703	0.00000000	0.00000000	0.00000000	0.00000000	0.00000000	0.00000000	0.00302389	-0.00040228	0.00522450	0.00254889	0.00192732	0.00341355	0.00237915	45.66680145	11.90647411	8.57733250	7.97680616	3.42636466	0.00253452	0.00268998	0.42592993	0.21296497	6.76490784	3.74861312	0.86035198	2.39133334	0.00245738	0.00768187	-0.08149780	
0.00000000	0.00000000	0.00000000	0.00000000	0.00000000	0.00000000	0.00000000	0.00000000	0.00000000	0.00000000	0.00000000	0.00000000	0.00000000	0.00000000	0.00000000	0.00000000	0.00000000	0.00000000	0.00000000	-0.00011977	-0.00278098	0.00000000	0.00227359	0.00187683	0.00292781	0.00227931	47.85306168	10.78430080	9.30815506	0.00000000	0.00000000	0.00000000	0.00000000	0.00000000	0.00000000	6.16768026	4.99485159	0.00000000	0.00000000	0.00000000	0.00000000	-0.04370187	
0.00000000	0.00000000	0.00000000	0.00000000	0.00000000	0.00000000	0.00000000	0.00000000	0.00000000	0.00000000	0.00000000	0.00000000	0.00000000	0.00000000	0.00000000	0.00000000	0.00000000	0.00000000	0.00000000	-0.00006674	-0.00166429	0.00000000	0.00227358	0.00187683	0.00292781	0.00227931	47.85305786	10.78430080	9.30815601	0.00000000	0.00000000	0.00000000	0.00000000	0.00000000	0.00000000	6.16768026	4.99485207	0.00000000	0.00000000	0.00000000	0.00000000	-0.02667094	
