0.00000000	0.00000000	0.00000000	0.00000000	0.00000000	0.00000000	0.00000000	0.00000000	0.00000000	0.00000000	0.00000000	0.00000000	0.00000000	0.00000000	0.00000000	0.00000000	0.00000000	0.00000000	0.00000000	-0.00009602	-0.00201017	0.00000000	0.00000000	0.00142037	0.00000000	0.00165932	60.90906143	11.44417477	11.44721508	0.00000000	0.00000000	0.00000000	0.00000000	0.00000000	0.00000000	6.53390598	4.90500021	0.00000000	0.00000000	0.00000000	0.00000000	-0.01153333	
0.00000000	0.00000000	0.00000000	0.00000000	0.00000000	0.00000000	0.00000000	0.00000000	0.00000000	0.00000000	0.00000000	0.00000000	0.00000000	0.00000000	0.00000000	0.00000000	0.00000000	0.00000000	0.00000000	-0.00007946	-0.00173152	0.00000000	0.00000000	0.00142037	0.00000000	0.00165932	60.90906143	11.44417381	11.44721699	0.00000000	0.00000000	0.00000000	0.00000000	0.00000000	0.00000000	6.53390598	4.90500021	0.00000000	0.00000000	0.00000000	0.00000000	-0.01028437	
0.00000000	0.00000000	0.00000000	0.00000000	0.00000000	0.00000000	0.00000000	0.00000000	0.00000000	0.00000000	0.00000000	0.00000000	0.00000000	0.00000000	0.00000000	0.00000000	0.00000000	0.00000000	0.00000000	-0.00009336	-0.00234177	0.00000000	0.00000000	0.00142037	0.00000000	0.00165932	60.90906143	11.44417477	11.44721508	0.00000000	0.00000000	0.00000000	0.00000000	0.00000000	0.00000000	6.53390598	4.90500021	0.00000000	0.00000000	0.00000000	0.00000000	-0.01081366	
0.86510086	0.00000000	0.00066960	0.00000000	0.00066960	0.00000000	0.00011196	0.00000000	0.00058777	0.00000000	0.00002799	0.00000000	0.00014694	0.00746838	0.00746838	0.00124871	0.00655575	0.00031218	0.00163894	0.00218245	-0.00246177	0.00344383	0.00102003	0.00154358	0.00135960	0.00183415	71.46871948	12.05788136	12.16852951	4.89070797	1.73327470	0.00226333	0.00118049	0.23528685	0.11764342	6.88273382	4.67627573	0.32117042	0.54393047	0.00023881	0.00368264	-0.00927777	
6.24957943	0.00000000	0.00217955	0.00000000	0.00217955	0.00000000	0.00036442	0.00000000	0.00191321	0.00000000	0.00009111	0.00000000	0.00047830	0.00563513	0.00563513	0.00094219	0.00494651	0.00023555	0.00123663	0.00732756	0.00331971	0.01256396	0.00252181	0.00114934	0.00336415	0.00130218	85.23932648	13.75904369	13.33979702	12.69099998	2.01665449	0.00666321	0.00590075	0.62626046	0.31313023	6.46486473	2.01665449	0.99664813	5.25293255	0.00307804	0.01564200	-0.01470679	
7.13433313	0.00000000	0.00241557	0.00000000	0.00241557	0.00000000	0.00040388	0.00000000	0.00212039	0.00000000	0.00010097	0.00000000	0.00053010	0.00000000	0.00000000	0.00000000	0.00000000	0.00000000	0.00000000	0.00809815	0.00248670	0.01652828	0.00269190	0.00120357	0.00360420	0.00135471	133.31933594	15.59153175	15.58295727	14.91528034	1.60537612	0.00907563	0.00745265	1.13158262	0.56579131	7.18416739	1.60537612	0.99920267	6.13513088	0.00233757	0.01886585	-0.02877075	
7.10607004	0.00000000	0.00238790	0.00000000	0.00238790	0.00000000	0.00039926	0.00000000	0.00209609	0.00000000	0.00009981	0.00000000	0.00052402	0.00000000	0.00000000	0.00000000	0.00000000	0.00000000	0.00000000	0.00799768	0.00296617	0.01666040	0.00271776	0.00122000	0.00364327	0.00137461	136.80955505	15.77228642	15.70998764	15.04756927	1.58979368	0.00920382	0.00745658	1.17493105	0.58746552	7.28073978	1.58979368	0.99917984	6.10689068	0.00193686	0.01859726	-0.06671807	
7.07745886	0.00000000	0.00222139	0.00000000	0.00222139	0.00000000	0.00037142	0.00000000	0.00194993	0.00000000	0.00009285	0.00000000	0.00048748	0.00000000	0.00000000	0.00000000	0.00000000	0.00000000	0.00000000	0.00743879	0.00340471	0.01510197	0.00269501	0.00123306	0.00361849	0.00139455	131.81036377	15.61459923	15.97794056	15.01262760	1.77381623	0.00811839	0.00698358	1.03152084	0.51576042	7.30067682	1.77381623	0.99915594	6.07830334	0.00248653	0.01758850	-0.09520528	
7.02347422	0.00000000	0.00187084	0.00000000	0.00187084	0.00000000	0.00031280	0.00000000	0.00164222	0.00000000	0.00007820	0.00000000	0.00041056	0.00000000	0.00000000	0.00000000	0.00000000	0.00000000	0.00000000	0.00627222	0.00188242	0.01277322	0.00256257	0.00106051	0.00340518	0.00118479	104.65679169	14.87502956	14.10563087	13.42004108	1.51455259	0.00702831	0.00574491	0.87662828	0.43831414	6.45071268	1.51455259	0.99910706	6.02436733	0.00105387	0.01382709	-0.03890333	
4.06698227	0.00000000	0.00102658	0.00000000	0.00102658	0.00000000	0.00017164	0.00000000	0.00090113	0.00000000	0.00004291	0.00000000	0.00022528	0.00000000	0.00000000	0.00000000	0.00000000	0.00000000	0.00000000	0.00345685	0.00003366	0.00628651	0.00235066	0.00118301	0.00309040	0.00135064	56.57880783	11.60109234	10.03644466	9.66212177	2.00052667	0.00366233	0.00262419	0.46155915	0.23077957	5.57364559	2.09226489	0.88965827	3.17732358	0.00176192	0.00804843	-0.02936033	
0.00000000	0.00000000	0.00000000	0.00000000	0.00000000	0.00000000	0.00000000	0.00000000	0.00000000	0.00000000	0.00000000	0.00000000	0.00000000	0.00000000	0.00000000	0.00000000	0.00000000	0.00000000	0.00000000	-0.00016755	-0.00314364	0.00000000	0.00181404	0.00103988	0.00224450	0.00116153	15.81640816	5.83999205	3.52005601	0.00000000	0.00000000	0.00000000	0.00000000	0.00000000	0.00000000	2.94662452	1.42194355	0.00000000	0.00000000	0.00000000	0.00000000	-0.01453547	
0.00000000	0.00000000	0.00000000	0.00000000	0.00000000	0.00000000	0.00000000	0.00000000	0.00000000	0.00000000	0.00000000	0.00000000	0.00000000	0.00000000	0.00000000	0.00000000	0.00000000	0.00000000	0.00000000	-0.00010728	-0.00192092	0.00000000	0.00181404	0.00103988	0.00224450	0.00116153	15.81640816	5.83999252	3.52005601	0.00000000	0.00000000	0.00000000	0.00000000	0.00000000	0.00000000	2.94662452	1.42194355	0.00000000	0.00000000	0.00000000	0.00000000	-0.01112048	
0.00000000	0.00000000	0.00000000	0.00000000	0.00000000	0.00000000	0.00000000	0.00000000	0.00000000	0.00000000	0.00000000	0.00000000	0.00000000	0.00000000	0.00000000	0.00000000	0.00000000	0.00000000	0.00000000	-0.00007424	-0.00149459	0.00000000	0.00181404	0.00103988	0.00224450	0.00116153	15.81640816	5.83999252	3.52005601	0.00000000	0.00000000	0.00000000	0.00000000	0.00000000	0.00000000	2.94662452	1.42194355	0.00000000	0.00000000	0.00000000	0.00000000	-0.01456204	
0.00000000	0.00000000	0.00000000	0.00000000	0.00000000	0.00000000	0.00000000	0.00000000	0.00000000	0.00000000	0.00000000	0.00000000	0.00000000	0.00000000	0.00000000	0.00000000	0.00000000	0.00000000	0.00000000	-0.00009016	-0.00172153	0.00000000	0.00181404	0.00103988	0.00224450	0.00116153	15.81640816	5.83999205	3.52005577	0.00000000	0.00000000	0.00000000	0.00000000	0.00000000	0.00000000	2.94662452	1.42194355	0.00000000	0.00000000	0.00000000	0.00000000	-0.01113252	
0.00000000	0.00000000	0.00000000	0.00000000	0.00000000	0.00000000	0.00000000	0.00000000	0.00000000	0.00000000	0.00000000	0.00000000	0.00000000	0.00000000	0.00000000	0.00000000	0.00000000	0.00000000	0.00000000	-0.00011710	-0.00315471	0.00000000	0.00181404	0.00103988	0.00224450	0.00116153	15.81640816	5.83999252	3.52005601	0.00000000	0.00000000	0.00000000	0.00000000	0.00000000	0.00000000	2.94662452	1.42194355	0.00000000	0.00000000	0.00000000	0.00000000	-0.01063365	
0.94407463	0.00000000	0.00069731	0.00000000	0.00069731	0.00000000	0.00011659	0.00000000	0.00061210	0.00000000	0.00002915	0.00000000	0.00015303	0.00747850	0.00747850	0.00125040	0.00656462	0.00031260	0.00164116	0.00228953	-0.00222562	0.00369157	0.00204352	0.00129210	0.00259540	0.00149762	49.10130310	8.43196011	7.27223396	4.88005495	1.82731616	0.00228730	0.00140427	0.27233747	0.13616873	4.63646460	2.63308406	0.34841114	0.59566361	0.00030662	0.00399819	-0.01122094	
5.99863863	0.00000000	0.00219972	0.00000000	0.00219972	0.00000000	0.00036779	0.00000000	0.00193091	0.00000000	0.00009195	0.00000000	0.00048273	0.00491327	0.00491327	0.00082150	0.00431286	0.00020537	0.00107822	0.00739297	0.00217919	0.01303814	0.00249537	0.00111349	0.00330413	0.00125264	90.10317993	14.11691570	13.28792095	12.80937862	1.85619533	0.00721437	0.00582377	0.71590257	0.35795128	6.51296377	1.85619533	0.99621856	5.00242090	0.00228416	0.01532230	-0.01181965	
6.73849773	0.00000000	0.00220280	0.00000000	0.00220280	0.00000000	0.00036831	0.00000000	0.00193362	0.00000000	0.00009208	0.00000000	0.00048340	0.00000000	0.00000000	0.00000000	0.00000000	0.00000000	0.00000000	0.00739352	0.00195666	0.01442574	0.00257818	0.00110427	0.00343017	0.00124207	109.03507233	15.07345295	14.24772739	13.54712200	1.59255612	0.00803947	0.00638627	0.91859281	0.45929641	6.66675282	1.59255612	0.99881560	5.73968315	0.00242934	0.01685508	-0.02589212	
6.71180439	0.00000000	0.00245182	0.00000000	0.00245182	0.00000000	0.00040994	0.00000000	0.00215221	0.00000000	0.00010249	0.00000000	0.00053805	0.00000000	0.00000000	0.00000000	0.00000000	0.00000000	0.00000000	0.00820797	0.00322408	0.01569119	0.00268673	0.00122671	0.00360624	0.00138578	121.62115479	15.58297634	15.72579861	14.94758129	1.81056440	0.00866352	0.00702768	0.96940678	0.48470339	7.29482365	1.81056440	0.99878353	5.71302080	0.00261362	0.01830481	-0.03569829	
6.68478012	0.00000000	0.00217933	0.00000000	0.00217933	0.00000000	0.00036438	0.00000000	0.00191301	0.00000000	0.00009110	0.00000000	0.00047825	0.00000000	0.00000000	0.00000000	0.00000000	0.00000000	0.00000000	0.00729874	0.00225398	0.01510743	0.00268615	0.00120113	0.00359694	0.00135446	124.57643890	15.64340210	15.11374378	14.52892208	1.59232938	0.00852041	0.00658701	1.10502779	0.55251390	7.17703056	1.59232938	0.99875015	5.68602943	0.00122105	0.01632848	-0.05522516	
6.63379002	0.00000000	0.00178114	0.00000000	0.00178114	0.00000000	0.00029781	0.00000000	0.00156348	0.00000000	0.00007445	0.00000000	0.00039087	0.00000000	0.00000000	0.00000000	0.00000000	0.00000000	0.00000000	0.00597474	0.00167449	0.01169450	0.00249628	0.00102704	0.00330713	0.00114974	90.67229462	14.52483082	13.32923794	12.64806080	1.55601668	0.00648685	0.00520765	0.76150334	0.38075167	6.22964621	1.55601668	0.99868196	5.63510799	0.00123593	0.01293043	-0.02792353	
3.84133291	0.00000000	0.00097749	0.00000000	0.00097749	0.00000000	0.00016344	0.00000000	0.00085804	0.00000000	0.00004086	0.00000000	0.00021451	0.00000000	0.00000000	0.00000000	0.00000000	0.00000000	0.00000000	0.00328469	-0.00039850	0.00577018	0.00226209	0.00107428	0.00294684	0.00121576	47.64337540	11.15106487	9.00411606	8.59831047	1.83912492	0.00344745	0.00232273	0.40512279	0.20256139	5.36000252	1.94236481	0.88344914	2.95788383	0.00098184	0.00675201	-0.01271734	
0.00000000	0.00000000	0.00000000	0.00000000	0.00000000	0.00000000	0.00000000	0.00000000	0.00000000	0.00000000	0.00000000	0.00000000	0.00000000	0.00000000	0.00000000	0.00000000	0.00000000	0.00000000	0.00000000	-0.00018590	-0.00396303	0.00000000	0.00187524	0.00099837	0.00230607	0.00110106	29.41338921	9.82504368	5.69792318	0.00000000	0.00000000	0.00000000	0.00000000	0.00000000	0.00000000	4.97149515	1.60021949	0.00000000	0.00000000	0.00000000	0.00000000	-0.01113903	
0.00000000	0.00000000	0.00000000	0.00000000	0.00000000	0.00000000	0.00000000	0.00000000	0.00000000	0.00000000	0.00000000	0.00000000	0.00000000	0.00000000	0.00000000	0.00000000	0.00000000	0.00000000	0.00000000	-0.00010214	-0.00214039	0.00000000	0.00187524	0.00099837	0.00230607	0.00110106	29.41338921	9.82504368	5.69792318	0.00000000	0.00000000	0.00000000	0.00000000	0.00000000	0.00000000	4.97149515	1.60021949	0.00000000	0.00000000	0.00000000	0.00000000	-0.01214530	
0.00000000	0.00000000	0.00000000	0.00000000	0.00000000	0.00000000	0.00000000	0.00000000	0.00000000	0.00000000	0.00000000	0.00000000	0.00000000	0.00000000	0.00000000	0.00000000	0.00000000	0.00000000	0.00000000	-0.00008490	-0.00175915	0.00000000	0.00187524	0.00099837	0.00230607	0.00110106	29.41338921	9.82504368	5.69792318	0.00000000	0.00000000	0.00000000	0.00000000	0.00000000	0.00000000	4.97149515	1.60021949	0.00000000	0.00000000	0.00000000	0.00000000	-0.01311241	
0.00000000	0.00000000	0.00000000	0.00000000	0.00000000	0.00000000	0.00000000	0.00000000	0.00000000	0.00000000	0.00000000	0.00000000	0.00000000	0.00000000	0.00000000	0.00000000	0.00000000	0.00000000	0.00000000	-0.00007554	-0.00176269	0.00000000	0.00187524	0.00099837	0.00230607	0.00110106	29.41338921	9.82504368	5.69792318	0.00000000	0.00000000	0.00000000	0.00000000	0.00000000	0.00000000	4.97149515	1.60021949	0.00000000	0.00000000	0.00000000	0.00000000	-0.01064906	
0.00000000	0.00000000	0.00000000	0.00000000	0.00000000	0.00000000	0.00000000	0.00000000	0.00000000	0.00000000	0.00000000	0.00000000	0.00000000	0.00000000	0.00000000	0.00000000	0.00000000	0.00000000	0.00000000	-0.00012927	-0.00349286	0.00000000	0.00187524	0.00099837	0.00230607	0.00110106	29.41338921	9.82504368	5.69792318	0.00000000	0.00000000	0.00000000	0.00000000	0.00000000	0.00000000	4.97149515	1.60021949	0.00000000	0.00000000	0.00000000	0.00000000	-0.01241151	
2.43314791	0.00000000	0.00131711	0.00000000	0.00131711	0.00000000	0.00022022	0.00000000	0.00115615	0.00000000	0.00005505	0.00000000	0.00028904	0.01026225	0.01026225	0.00171585	0.00900820	0.00042896	0.00225205	0.00439468	-0.00020796	0.00681864	0.00234233	0.00141649	0.00307503	0.00166956	59.04256821	11.59856129	10.30502129	8.52816582	2.74623203	0.00397266	0.00284598	0.36253944	0.18126972	6.18492079	3.11961675	0.67128599	1.76186228	0.00098496	0.00780359	-0.01185281	
6.40551186	0.00000000	0.00223021	0.00000000	0.00223021	0.00000000	0.00037289	0.00000000	0.00195768	0.00000000	0.00009322	0.00000000	0.00048942	0.00196970	0.00196970	0.00032933	0.00172900	0.00008233	0.00043225	0.00749114	0.00313736	0.01369678	0.00254680	0.00114210	0.00338587	0.00128978	101.56736755	14.48620701	13.94539452	13.29356289	1.85237145	0.00744290	0.00625389	0.80914092	0.40457046	6.72212553	1.85237145	0.99824959	5.40726137	0.00248691	0.01618369	-0.02804178	
6.59205437	0.00000000	0.00245925	0.00000000	0.00245925	0.00000000	0.00041119	0.00000000	0.00215873	0.00000000	0.00010280	0.00000000	0.00053968	0.00000000	0.00000000	0.00000000	0.00000000	0.00000000	0.00000000	0.00823899	0.00317081	0.01624418	0.00268397	0.00124628	0.00359228	0.00141050	129.06126404	15.71727180	15.60658169	14.94232655	1.76452863	0.00905195	0.00719222	1.09905076	0.54952538	7.41655827	1.76452863	0.99862880	5.59342527	0.00237052	0.01861470	-0.05667282	
6.56593943	0.00000000	0.00246469	0.00000000	0.00246469	0.00000000	0.00041210	0.00000000	0.00216350	0.00000000	0.00010302	0.00000000	0.00054088	0.00000000	0.00000000	0.00000000	0.00000000	0.00000000	0.00000000	0.00824828	0.00349808	0.01709045	0.00264498	0.00131036	0.00350811	0.00148633	152.72409058	15.57981205	16.05759239	15.23016834	1.94256914	0.00917654	0.00791391	1.29485488	0.64742744	7.71456957	1.94256914	0.99859244	5.56734753	0.00241056	0.01950101	-0.10345671	
6.53950310	0.00000000	0.00210912	0.00000000	0.00210912	0.00000000	0.00035264	0.00000000	0.00185138	0.00000000	0.00008816	0.00000000	0.00046285	0.00000000	0.00000000	0.00000000	0.00000000	0.00000000	0.00000000	0.00706458	0.00281840	0.01471122	0.00263647	0.00117956	0.00350452	0.00132559	124.57285309	15.55077744	14.94956017	14.34439850	1.62289858	0.00831559	0.00639564	1.11122072	0.55561036	7.15210772	1.62289858	0.99855471	5.54094934	0.00141956	0.01613078	-0.11673924	
6.47097015	0.00000000	0.00197900	0.00000000	0.00197900	0.00000000	0.00033089	0.00000000	0.00173717	0.00000000	0.00008272	0.00000000	0.00043429	0.00000000	0.00000000	0.00000000	0.00000000	0.00000000	0.00000000	0.00662704	0.00307508	0.01292811	0.00253679	0.00114182	0.00335646	0.00128207	112.30446625	14.85427380	14.64961243	13.98013783	1.80145562	0.00709454	0.00583357	0.90354472	0.45177236	6.88022041	1.80145562	0.99844480	5.47252464	0.00149341	0.01442152	-0.08284451	
3.63609767	0.00000000	0.00098127	0.00000000	0.00098127	0.00000000	0.00016407	0.00000000	0.00086136	0.00000000	0.00004102	0.00000000	0.00021534	0.00000000	0.00000000	0.00000000	0.00000000	0.00000000	0.00000000	0.00323710	-0.00102661	0.00591674	0.00235802	0.00127491	0.00310515	0.00147967	63.39754486	12.36244392	11.10735035	10.20548248	2.38748145	0.00361101	0.00230573	0.48260882	0.24130441	6.19015408	2.70270944	0.87557620	2.76052213	0.00185857	0.00777531	-0.02765343	
0.00000000	0.00000000	0.00000000	0.00000000	0.00000000	0.00000000	0.00000000	0.00000000	0.00000000	0.00000000	0.00000000	0.00000000	0.00000000	0.00000000	0.00000000	0.00000000	0.00000000	0.00000000	0.00000000	-0.00015754	-0.00354568	0.00000000	0.00217434	0.00142057	0.00280675	0.00165960	60.88698578	11.28564167	11.37316608	0.00000000	0.00000000	0.00000000	0.00000000	0.00000000	0.00000000	6.45187902	4.88603067	0.00000000	0.00000000	0.00000000	0.00000000	-0.00744167	
0.00000000	0.00000000	0.00000000	0.00000000	0.00000000	0.00000000	0.00000000	0.00000000	0.00000000	0.00000000	0.00000000	0.00000000	0.00000000	0.00000000	0.00000000	0.00000000	0.00000000	0.00000000	0.00000000	-0.00008693	-0.00160002	0.00000000	0.00217434	0.00142057	0.00280675	0.00165960	60.88698578	11.28564167	11.37316608	0.00000000	0.00000000	0.00000000	0.00000000	0.00000000	0.00000000	6.45187855	4.88603067	0.00000000	0.00000000	0.00000000	0.00000000	-0.01467633	
