0.00000000	0.00000000	0.00000000	0.00000000	0.00000000	0.00000000	0.00000000	0.00000000	0.00000000	0.00000000	0.00000000	0.00000000	0.00000000	0.00000000	0.00000000	0.00000000	0.00000000	0.00000000	0.00000000	-0.00005560	-0.00119824	0.00000000	0.00000000	0.00144137	0.00000000	0.00168839	58.52197647	11.08299923	11.07184124	0.00000000	0.00000000	0.00000000	0.00000000	0.00000000	0.00000000	6.31511402	4.90441418	0.00000000	0.00000000	0.00000000	0.00000000	-0.04596846	
0.00000000	0.00000000	0.00000000	0.00000000	0.00000000	0.00000000	0.00000000	0.00000000	0.00000000	0.00000000	0.00000000	0.00000000	0.00000000	0.00000000	0.00000000	0.00000000	0.00000000	0.00000000	0.00000000	-0.00004623	-0.00113178	0.00000000	0.00000000	0.00144137	0.00000000	0.00168839	58.52197647	11.08299828	11.07184124	0.00000000	0.00000000	0.00000000	0.00000000	0.00000000	0.00000000	6.31511450	4.90441370	0.00000000	0.00000000	0.00000000	0.00000000	-0.02184283	
0.00000000	0.00000000	0.00000000	0.00000000	0.00000000	0.00000000	0.00000000	0.00000000	0.00000000	0.00000000	0.00000000	0.00000000	0.00000000	0.00000000	0.00000000	0.00000000	0.00000000	0.00000000	0.00000000	-0.00005464	-0.00152286	0.00000000	0.00000000	0.00144137	0.00000000	0.00168839	58.52197647	11.08299923	11.07184124	0.00000000	0.00000000	0.00000000	0.00000000	0.00000000	0.00000000	6.31511402	4.90441418	0.00000000	0.00000000	0.00000000	0.00000000	-0.02500823	
0.33491760	0.00000000	0.00029795	0.00000000	0.00029795	0.00000000	0.00004982	0.00000000	0.00026154	0.00000000	0.00001245	0.00000000	0.00006538	0.00289133	0.00289133	0.00048343	0.00253801	0.00012086	0.00063450	0.00122682	-0.00199552	0.00178659	0.00102003	0.00163413	0.00135960	0.00196635	66.91921234	11.43138027	11.62009239	4.52473450	2.04522800	0.00143612	0.00035047	0.20182522	0.10091261	6.59504175	4.98787594	0.21130209	0.12361552	0.00000332	0.00178990	-0.01909313	
2.41948032	0.00000000	0.00149111	0.00000000	0.00149111	0.00000000	0.00024931	0.00000000	0.00130889	0.00000000	0.00006233	0.00000000	0.00032722	0.00218160	0.00218160	0.00036476	0.00191501	0.00009119	0.00047875	0.00561485	0.00278070	0.00831712	0.00252181	0.00165352	0.00336415	0.00198895	76.86024475	12.61855412	12.43513107	11.71191502	3.89876747	0.00534314	0.00297398	0.52838171	0.26419085	7.07163143	3.89876747	0.90386951	1.51561081	0.00246559	0.01078271	-0.02176941	
2.76200581	0.00000000	0.00176248	0.00000000	0.00176248	0.00000000	0.00029469	0.00000000	0.00154711	0.00000000	0.00007367	0.00000000	0.00038678	0.00000000	0.00000000	0.00000000	0.00000000	0.00000000	0.00000000	0.00645710	0.00322379	0.01059495	0.00269190	0.00179183	0.00360420	0.00215742	125.69433594	14.68248272	15.18894768	14.21761131	4.00627851	0.00675257	0.00384238	0.96332657	0.48166329	8.59188557	4.00627851	0.93683469	1.82517111	0.00380978	0.01440473	-0.13080913	
2.75106406	0.00000000	0.00088677	0.00000000	0.00088677	0.00000000	0.00014827	0.00000000	0.00077841	0.00000000	0.00003707	0.00000000	0.00019460	0.00000000	0.00000000	0.00000000	0.00000000	0.00000000	0.00000000	0.00286156	0.00143456	0.00622908	0.00132279	0.00085567	0.00168102	0.00099059	129.36944580	7.77180433	8.07593346	7.51039982	2.37059522	0.00375792	0.00247117	0.99988586	0.49994293	4.53422451	2.37060213	0.93613988	1.81492448	0.00209062	0.00831970	-2.71361613	
2.73998761	0.00000000	0.00012072	0.00000000	0.00012072	0.00000000	0.00002018	0.00000000	0.00010597	0.00000000	0.00000505	0.00000000	0.00002649	0.00000000	0.00000000	0.00000000	0.00000000	0.00000000	0.00000000	-0.00044802	-0.00072933	0.00182591	0.00026805	0.00014790	0.00032177	0.00015593	123.10669708	1.63022757	1.42073345	1.36173201	0.39591086	0.00104821	0.00077771	0.87755245	0.43877622	0.87616032	0.39596695	0.93542856	1.80455863	0.00024423	0.00207014	-52.01660919	
2.71908736	0.00000000	0.00081899	0.00000000	0.00081899	0.00000000	0.00013694	0.00000000	0.00071891	0.00000000	0.00003423	0.00000000	0.00017973	0.00000000	0.00000000	0.00000000	0.00000000	0.00000000	0.00000000	0.00280564	0.00114488	0.00544773	0.00161542	0.00098045	0.00212718	0.00115007	97.42380524	8.82297611	8.36341476	7.98734999	2.20628858	0.00348608	0.00196166	0.74535078	0.37267539	4.83077812	2.20631671	0.93404210	1.78504586	0.00119345	0.00664118	-8.53689098	
1.57450271	0.00000000	0.00066699	0.00000000	0.00066699	0.00000000	0.00011152	0.00000000	0.00058549	0.00000000	0.00002788	0.00000000	0.00014637	0.00000000	0.00000000	0.00000000	0.00000000	0.00000000	0.00000000	0.00279285	0.00059237	0.00417212	0.00235066	0.00153427	0.00309040	0.00182562	50.71516037	10.50419521	9.19966507	8.79516411	3.01292133	0.00294535	0.00122677	0.38741359	0.19370680	5.70888424	3.10386109	0.71470255	0.85980052	0.00084451	0.00501663	-0.07830413	
0.00000000	0.00000000	0.00000000	0.00000000	0.00000000	0.00000000	0.00000000	0.00000000	0.00000000	0.00000000	0.00000000	0.00000000	0.00000000	0.00000000	0.00000000	0.00000000	0.00000000	0.00000000	0.00000000	-0.00007526	-0.00195605	0.00000000	0.00181404	0.00107462	0.00224450	0.00120576	14.65932369	5.38235521	3.26874757	0.00000000	0.00000000	0.00000000	0.00000000	0.00000000	0.00000000	2.72996449	1.40957117	0.00000000	0.00000000	0.00000000	0.00000000	-0.04171309	
0.00000000	0.00000000	0.00000000	0.00000000	0.00000000	0.00000000	0.00000000	0.00000000	0.00000000	0.00000000	0.00000000	0.00000000	0.00000000	0.00000000	0.00000000	0.00000000	0.00000000	0.00000000	0.00000000	-0.00004801	-0.00118004	0.00000000	0.00181404	0.00107462	0.00224450	0.00120576	14.65932465	5.38235521	3.26874733	0.00000000	0.00000000	0.00000000	0.00000000	0.00000000	0.00000000	2.72996449	1.40957129	0.00000000	0.00000000	0.00000000	0.00000000	-0.03168889	
0.00000000	0.00000000	0.00000000	0.00000000	0.00000000	0.00000000	0.00000000	0.00000000	0.00000000	0.00000000	0.00000000	0.00000000	0.00000000	0.00000000	0.00000000	0.00000000	0.00000000	0.00000000	0.00000000	-0.00003310	-0.00091756	0.00000000	0.00181404	0.00107462	0.00224450	0.00120576	14.65932465	5.38235521	3.26874733	0.00000000	0.00000000	0.00000000	0.00000000	0.00000000	0.00000000	2.72996449	1.40957129	0.00000000	0.00000000	0.00000000	0.00000000	-0.03954576	
0.00000000	0.00000000	0.00000000	0.00000000	0.00000000	0.00000000	0.00000000	0.00000000	0.00000000	0.00000000	0.00000000	0.00000000	0.00000000	0.00000000	0.00000000	0.00000000	0.00000000	0.00000000	0.00000000	-0.00004001	-0.00103374	0.00000000	0.00181404	0.00107462	0.00224450	0.00120576	14.65932369	5.38235521	3.26874757	0.00000000	0.00000000	0.00000000	0.00000000	0.00000000	0.00000000	2.72996449	1.40957105	0.00000000	0.00000000	0.00000000	0.00000000	-0.02847432	
0.00000000	0.00000000	0.00000000	0.00000000	0.00000000	0.00000000	0.00000000	0.00000000	0.00000000	0.00000000	0.00000000	0.00000000	0.00000000	0.00000000	0.00000000	0.00000000	0.00000000	0.00000000	0.00000000	-0.00005170	-0.00180130	0.00000000	0.00181404	0.00107462	0.00224450	0.00120576	14.65932465	5.38235521	3.26874733	0.00000000	0.00000000	0.00000000	0.00000000	0.00000000	0.00000000	2.72996449	1.40957129	0.00000000	0.00000000	0.00000000	0.00000000	-0.02737837	
0.44501263	0.00000000	0.00039961	0.00000000	0.00039961	0.00000000	0.00006682	0.00000000	0.00035078	0.00000000	0.00001670	0.00000000	0.00008769	0.00352517	0.00352517	0.00058941	0.00309440	0.00014735	0.00077360	0.00156554	-0.00107063	0.00229147	0.00204352	0.00137917	0.00259540	0.00161952	45.49697113	7.85342169	6.87685966	4.58029461	2.13956594	0.00169172	0.00059975	0.23775095	0.11887547	4.41472912	2.93832278	0.25676054	0.18825211	0.00004473	0.00233621	-0.02315598	
2.82760501	0.00000000	0.00166572	0.00000000	0.00166572	0.00000000	0.00027851	0.00000000	0.00146217	0.00000000	0.00006963	0.00000000	0.00036554	0.00231599	0.00231599	0.00038723	0.00203297	0.00009681	0.00050824	0.00610624	0.00314547	0.00938385	0.00249537	0.00153065	0.00330413	0.00180988	84.41202545	13.28242207	12.75273228	12.18669033	3.39937878	0.00594091	0.00344293	0.62754422	0.31377211	7.29977989	3.39937878	0.93541288	1.89219201	0.00253532	0.01191916	-0.02472164	
3.17635560	0.00000000	0.00182384	0.00000000	0.00182384	0.00000000	0.00030495	0.00000000	0.00160097	0.00000000	0.00007624	0.00000000	0.00040024	0.00000000	0.00000000	0.00000000	0.00000000	0.00000000	0.00000000	0.00658094	0.00300908	0.01066575	0.00257818	0.00155591	0.00343017	0.00184525	103.57070923	14.34971905	13.91872692	13.05108738	3.29781199	0.00666161	0.00400415	0.81028962	0.40514481	7.85817003	3.29781199	0.95826221	2.21809340	0.00315028	0.01381603	-0.03136267	
3.16377234	0.00000000	0.00193377	0.00000000	0.00193377	0.00000000	0.00032333	0.00000000	0.00169746	0.00000000	0.00008083	0.00000000	0.00042437	0.00000000	0.00000000	0.00000000	0.00000000	0.00000000	0.00000000	0.00690018	0.00357140	0.01118973	0.00268673	0.00170875	0.00360624	0.00204040	115.36006165	14.83528233	15.34842491	14.36736679	3.71220469	0.00691282	0.00427692	0.85487145	0.42743573	8.43747807	3.71220469	0.95773369	2.20603871	0.00376928	0.01495901	-0.04645740	
3.15103436	0.00000000	0.00159811	0.00000000	0.00159811	0.00000000	0.00026720	0.00000000	0.00140282	0.00000000	0.00006680	0.00000000	0.00035070	0.00000000	0.00000000	0.00000000	0.00000000	0.00000000	0.00000000	0.00574909	0.00338124	0.00998523	0.00263343	0.00164142	0.00350769	0.00194805	119.34102631	14.74523449	14.66481876	13.88234520	3.39971280	0.00628033	0.00370490	0.97419560	0.48709780	8.32828522	3.39971280	0.95719182	2.19384170	0.00337437	0.01335960	-0.37252185	
3.12699890	0.00000000	0.00000000	0.00000000	0.00000000	0.00000000	0.00000000	0.00000000	0.00000000	0.00000000	0.00000000	0.00000000	0.00000000	0.00000000	0.00000000	0.00000000	0.00000000	0.00000000	0.00000000	-0.00097910	-0.00100611	0.00087654	0.00001024	0.00001024	0.00000000	0.00000000	85.36534882	0.09205344	0.09273697	0.09204355	0.09047256	0.00038636	0.00049018	0.67101777	0.33550888	0.09186478	0.09058113	0.95613039	2.17086816	0.00000000	0.00087654	-28.10485268	
1.81070626	0.00000000	0.00031092	0.00000000	0.00031092	0.00000000	0.00005199	0.00000000	0.00027293	0.00000000	0.00001300	0.00000000	0.00006823	0.00000000	0.00000000	0.00000000	0.00000000	0.00000000	0.00000000	0.00121822	-0.00022465	0.00223630	0.00155586	0.00093328	0.00199730	0.00108370	43.72293854	6.88069868	5.32775974	4.93072319	1.75682700	0.00158872	0.00064758	0.35376146	0.17688073	3.64484406	1.86914659	0.75062215	1.06008399	0.00029436	0.00253066	-1.91896951	
0.00000000	0.00000000	0.00000000	0.00000000	0.00000000	0.00000000	0.00000000	0.00000000	0.00000000	0.00000000	0.00000000	0.00000000	0.00000000	0.00000000	0.00000000	0.00000000	0.00000000	0.00000000	0.00000000	-0.00008362	-0.00237596	0.00000000	0.00187524	0.00102823	0.00230607	0.00113815	28.82682610	9.41769505	5.61031961	0.00000000	0.00000000	0.00000000	0.00000000	0.00000000	0.00000000	4.87355089	1.73963904	0.00000000	0.00000000	0.00000000	0.00000000	-0.02979730	
0.00000000	0.00000000	0.00000000	0.00000000	0.00000000	0.00000000	0.00000000	0.00000000	0.00000000	0.00000000	0.00000000	0.00000000	0.00000000	0.00000000	0.00000000	0.00000000	0.00000000	0.00000000	0.00000000	-0.00004590	-0.00136372	0.00000000	0.00187524	0.00102823	0.00230607	0.00113815	28.82682800	9.41769505	5.61031961	0.00000000	0.00000000	0.00000000	0.00000000	0.00000000	0.00000000	4.87355089	1.73963904	0.00000000	0.00000000	0.00000000	0.00000000	-0.02074236	
0.00000000	0.00000000	0.00000000	0.00000000	0.00000000	0.00000000	0.00000000	0.00000000	0.00000000	0.00000000	0.00000000	0.00000000	0.00000000	0.00000000	0.00000000	0.00000000	0.00000000	0.00000000	0.00000000	-0.00003812	-0.00109175	0.00000000	0.00187524	0.00102823	0.00230607	0.00113815	28.82682800	9.41769505	5.61031961	0.00000000	0.00000000	0.00000000	0.00000000	0.00000000	0.00000000	4.87355089	1.73963904	0.00000000	0.00000000	0.00000000	0.00000000	-0.02656845	
0.00000000	0.00000000	0.00000000	0.00000000	0.00000000	0.00000000	0.00000000	0.00000000	0.00000000	0.00000000	0.00000000	0.00000000	0.00000000	0.00000000	0.00000000	0.00000000	0.00000000	0.00000000	0.00000000	-0.00003388	-0.00105890	0.00000000	0.00187524	0.00102823	0.00230607	0.00113815	28.82682610	9.41769505	5.61031961	0.00000000	0.00000000	0.00000000	0.00000000	0.00000000	0.00000000	4.87355089	1.73963904	0.00000000	0.00000000	0.00000000	0.00000000	-0.02353000	
0.00000000	0.00000000	0.00000000	0.00000000	0.00000000	0.00000000	0.00000000	0.00000000	0.00000000	0.00000000	0.00000000	0.00000000	0.00000000	0.00000000	0.00000000	0.00000000	0.00000000	0.00000000	0.00000000	-0.00005790	-0.00221031	0.00000000	0.00187524	0.00102823	0.00230607	0.00113815	28.82682800	9.41769505	5.61031961	0.00000000	0.00000000	0.00000000	0.00000000	0.00000000	0.00000000	4.87355089	1.73963904	0.00000000	0.00000000	0.00000000	0.00000000	-0.01699697	
1.50776219	0.00000000	0.00087167	0.00000000	0.00087167	0.00000000	0.00014574	0.00000000	0.00076515	0.00000000	0.00003644	0.00000000	0.00019129	0.00635926	0.00635926	0.00106327	0.00558216	0.00026582	0.00139554	0.00325312	0.00058036	0.00477937	0.00234233	0.00155266	0.00307503	0.00186070	55.80320358	11.04395962	9.86744118	8.11916065	3.14958572	0.00315115	0.00162822	0.33302608	0.16651304	6.08725166	3.55550122	0.59823591	0.90952629	0.00107926	0.00585863	-0.03069691	
3.96933794	0.00000000	0.00179010	0.00000000	0.00179010	0.00000000	0.00029930	0.00000000	0.00157135	0.00000000	0.00007483	0.00000000	0.00039284	0.00122058	0.00122058	0.00020408	0.00107142	0.00005102	0.00026786	0.00639903	0.00345650	0.01061252	0.00254680	0.00144126	0.00338587	0.00168593	98.07859802	14.01746273	13.66832542	12.93683243	2.93551207	0.00619003	0.00442249	0.74979508	0.37489754	7.46316099	2.93551207	0.98071420	2.98862338	0.00375517	0.01436769	-0.02574360	
4.08493423	0.00000000	0.00112511	0.00000000	0.00112511	0.00000000	0.00018812	0.00000000	0.00098762	0.00000000	0.00004703	0.00000000	0.00024690	0.00000000	0.00000000	0.00000000	0.00000000	0.00000000	0.00000000	0.00352986	0.00201058	0.00804979	0.00169382	0.00097132	0.00222329	0.00112279	125.70703125	9.89729500	9.90998936	9.37643814	2.03379560	0.00454478	0.00350501	1.02003634	0.51001817	5.34890985	2.03379560	0.98317558	3.10175824	0.00358122	0.01163101	-2.57872868	
4.06875181	0.00000000	0.00016782	0.00000000	0.00016782	0.00000000	0.00002806	0.00000000	0.00014731	0.00000000	0.00000701	0.00000000	0.00003683	0.00000000	0.00000000	0.00000000	0.00000000	0.00000000	0.00000000	-0.00090657	-0.00141868	0.00317794	0.00026470	0.00015825	0.00032064	0.00016777	149.01083374	1.64848757	1.68666613	1.62831378	0.43098921	0.00141501	0.00176293	1.20152712	0.60076356	0.95388728	0.43099400	0.98290116	3.08585072	0.00057171	0.00374965	-34.38629913	
4.05236959	0.00000000	0.00037261	0.00000000	0.00037261	0.00000000	0.00006230	0.00000000	0.00032708	0.00000000	0.00001558	0.00000000	0.00008177	0.00000000	0.00000000	0.00000000	0.00000000	0.00000000	0.00000000	0.00020717	-0.00041607	0.00398300	0.00065603	0.00035290	0.00083782	0.00039050	121.56714630	3.91564107	3.70060802	3.53418851	0.80875123	0.00204436	0.00193864	1.03092504	0.51546252	2.07130218	0.80875123	0.98261863	3.06975102	0.00093021	0.00491321	-14804394.00000000	
4.00990152	0.00000000	0.00025050	0.00000000	0.00025050	0.00000000	0.00004188	0.00000000	0.00021989	0.00000000	0.00001047	0.00000000	0.00005497	0.00000000	0.00000000	0.00000000	0.00000000	0.00000000	0.00000000	-0.00007611	-0.00065277	0.00283624	0.00054393	0.00026687	0.00069376	0.00029204	108.78102112	3.18074059	2.75484490	2.68623424	0.55494666	0.00150167	0.00133456	0.83785367	0.41892684	1.56256568	0.55495495	0.98183209	3.02806878	0.00048658	0.00332281	-135.08827209	
2.25320125	0.00000000	0.00067535	0.00000000	0.00067535	0.00000000	0.00011292	0.00000000	0.00059282	0.00000000	0.00002823	0.00000000	0.00014821	0.00000000	0.00000000	0.00000000	0.00000000	0.00000000	0.00000000	0.00285892	0.00035168	0.00457289	0.00235802	0.00145596	0.00310515	0.00172462	60.16325378	11.80191708	10.67174149	9.77181721	2.98029351	0.00306341	0.00150948	0.44278422	0.22139211	6.29806423	3.29547358	0.79831237	1.45488822	0.00163563	0.00620853	-0.08149780	
0.00000000	0.00000000	0.00000000	0.00000000	0.00000000	0.00000000	0.00000000	0.00000000	0.00000000	0.00000000	0.00000000	0.00000000	0.00000000	0.00000000	0.00000000	0.00000000	0.00000000	0.00000000	0.00000000	-0.00009044	-0.00190884	0.00000000	0.00217434	0.00144154	0.00280675	0.00168863	58.50185776	10.93133450	11.00277805	0.00000000	0.00000000	0.00000000	0.00000000	0.00000000	0.00000000	6.23703051	4.88529062	0.00000000	0.00000000	0.00000000	0.00000000	-0.04370187	
0.00000000	0.00000000	0.00000000	0.00000000	0.00000000	0.00000000	0.00000000	0.00000000	0.00000000	0.00000000	0.00000000	0.00000000	0.00000000	0.00000000	0.00000000	0.00000000	0.00000000	0.00000000	0.00000000	-0.00005009	-0.00106244	0.00000000	0.00217434	0.00144154	0.00280675	0.00168863	58.50185776	10.93133450	11.00277805	0.00000000	0.00000000	0.00000000	0.00000000	0.00000000	0.00000000	6.23703051	4.88529015	0.00000000	0.00000000	0.00000000	0.00000000	-0.02667094	
