0.00000000	0.00000000	0.00000000	0.00000000	0.00000000	0.00000000	0.00000000	0.00000000	0.00000000	0.00000000	0.00000000	0.00000000	0.00000000	0.00000000	0.00000000	0.00000000	0.00000000	0.00000000	0.00000000	-0.00008206	-0.00154299	0.00000000	0.00000000	0.00142772	0.00000000	0.00166947	60.09909439	11.32229328	11.32071209	0.00000000	0.00000000	0.00000000	0.00000000	0.00000000	0.00000000	6.46068239	4.90948343	0.00000000	0.00000000	0.00000000	0.00000000	-0.02012657	
0.00000000	0.00000000	0.00000000	0.00000000	0.00000000	0.00000000	0.00000000	0.00000000	0.00000000	0.00000000	0.00000000	0.00000000	0.00000000	0.00000000	0.00000000	0.00000000	0.00000000	0.00000000	0.00000000	-0.00006793	-0.00134963	0.00000000	0.00000000	0.00142772	0.00000000	0.00166947	60.09909058	11.32229328	11.32071209	0.00000000	0.00000000	0.00000000	0.00000000	0.00000000	0.00000000	6.46068287	4.90948343	0.00000000	0.00000000	0.00000000	0.00000000	-0.01549059	
0.00000000	0.00000000	0.00000000	0.00000000	0.00000000	0.00000000	0.00000000	0.00000000	0.00000000	0.00000000	0.00000000	0.00000000	0.00000000	0.00000000	0.00000000	0.00000000	0.00000000	0.00000000	0.00000000	-0.00008077	-0.00203882	0.00000000	0.00000000	0.00142772	0.00000000	0.00166947	60.09909439	11.32229328	11.32071209	0.00000000	0.00000000	0.00000000	0.00000000	0.00000000	0.00000000	6.46068239	4.90948343	0.00000000	0.00000000	0.00000000	0.00000000	-0.01693308	
0.72555298	0.00000000	0.00054786	0.00000000	0.00054786	0.00000000	0.00009160	0.00000000	0.00048091	0.00000000	0.00002290	0.00000000	0.00012023	0.00626367	0.00626367	0.00104729	0.00549825	0.00026182	0.00137456	0.00178354	-0.00232719	0.00283217	0.00102003	0.00156852	0.00135960	0.00186995	70.34045410	11.90165329	12.02975368	4.81766224	1.82297909	0.00194775	0.00088442	0.22794594	0.11397297	6.82155466	4.76866817	0.30392939	0.42162359	0.00045734	0.00328951	-0.01448173	
5.24147177	0.00000000	0.00184796	0.00000000	0.00184796	0.00000000	0.00030898	0.00000000	0.00162214	0.00000000	0.00007724	0.00000000	0.00040553	0.00472614	0.00472614	0.00079021	0.00414860	0.00019755	0.00103715	0.00621329	0.00255957	0.01063275	0.00252181	0.00126269	0.00336415	0.00145024	83.97706604	13.58819580	13.20828629	12.54863930	2.39067292	0.00576809	0.00486465	0.61045063	0.30522531	6.73434067	2.39067292	0.99222046	4.24925184	0.00442986	0.01506261	-0.01901554	
5.98350525	0.00000000	0.00209056	0.00000000	0.00209056	0.00000000	0.00034954	0.00000000	0.00183510	0.00000000	0.00008739	0.00000000	0.00045877	0.00000000	0.00000000	0.00000000	0.00000000	0.00000000	0.00000000	0.00700710	0.00166669	0.01421351	0.00269190	0.00133252	0.00360420	0.00152222	132.27296448	15.46444798	15.53253365	14.82367802	2.01564097	0.00791775	0.00629576	1.10573661	0.55286831	7.63045597	2.01564097	0.99748003	4.98602581	0.00422909	0.01844261	-0.04248916	
5.95980263	0.00000000	0.00202910	0.00000000	0.00202910	0.00000000	0.00033927	0.00000000	0.00178114	0.00000000	0.00008482	0.00000000	0.00044529	0.00000000	0.00000000	0.00000000	0.00000000	0.00000000	0.00000000	0.00679624	0.00243827	0.01415334	0.00271776	0.00135019	0.00364327	0.00154401	135.79356384	15.64634132	15.66693020	14.95993233	2.00225544	0.00793771	0.00621563	1.14800763	0.57400382	7.73810625	2.00225544	0.99741954	4.96238327	0.00403136	0.01818471	-0.12782890	
5.93580675	0.00000000	0.00178328	0.00000000	0.00178328	0.00000000	0.00029816	0.00000000	0.00156536	0.00000000	0.00007454	0.00000000	0.00039134	0.00000000	0.00000000	0.00000000	0.00000000	0.00000000	0.00000000	0.00597637	0.00294485	0.01235376	0.00269501	0.00136206	0.00361849	0.00156376	130.60752869	15.48262882	15.91845894	14.90104485	2.20208478	0.00675115	0.00560261	1.00780976	0.50390488	7.72573900	2.20208478	0.99735677	4.93844938	0.00481356	0.01716732	-0.26907724	
5.89052916	0.00000000	0.00158970	0.00000000	0.00158970	0.00000000	0.00026580	0.00000000	0.00139544	0.00000000	0.00006645	0.00000000	0.00034886	0.00000000	0.00000000	0.00000000	0.00000000	0.00000000	0.00000000	0.00532989	0.00165338	0.01081682	0.00256257	0.00117871	0.00340518	0.00133576	103.64431000	14.74092484	14.03871727	13.32485294	1.87846732	0.00606930	0.00474751	0.85636640	0.42818320	6.86150837	1.87846732	0.99722975	4.89330006	0.00268115	0.01349796	-0.08815478	
3.41094398	0.00000000	0.00088760	0.00000000	0.00088760	0.00000000	0.00014841	0.00000000	0.00077914	0.00000000	0.00003710	0.00000000	0.00019478	0.00000000	0.00000000	0.00000000	0.00000000	0.00000000	0.00000000	0.00298836	0.00015906	0.00537698	0.00235066	0.00126558	0.00309040	0.00145863	55.57733536	11.40906048	9.89317513	9.51643181	2.22685194	0.00323456	0.00214242	0.44815072	0.22407536	5.69176579	2.31864429	0.86902481	2.54191923	0.00220087	0.00757786	-0.03906707	
0.00000000	0.00000000	0.00000000	0.00000000	0.00000000	0.00000000	0.00000000	0.00000000	0.00000000	0.00000000	0.00000000	0.00000000	0.00000000	0.00000000	0.00000000	0.00000000	0.00000000	0.00000000	0.00000000	-0.00014059	-0.00249058	0.00000000	0.00181404	0.00104902	0.00224450	0.00117314	15.52874851	5.72558594	3.45770240	0.00000000	0.00000000	0.00000000	0.00000000	0.00000000	0.00000000	2.89362574	1.42278326	0.00000000	0.00000000	0.00000000	0.00000000	-0.02283554	
0.00000000	0.00000000	0.00000000	0.00000000	0.00000000	0.00000000	0.00000000	0.00000000	0.00000000	0.00000000	0.00000000	0.00000000	0.00000000	0.00000000	0.00000000	0.00000000	0.00000000	0.00000000	0.00000000	-0.00008968	-0.00142247	0.00000000	0.00181404	0.00104902	0.00224450	0.00117314	15.52874851	5.72558594	3.45770240	0.00000000	0.00000000	0.00000000	0.00000000	0.00000000	0.00000000	2.89362550	1.42278326	0.00000000	0.00000000	0.00000000	0.00000000	-0.01821074	
0.00000000	0.00000000	0.00000000	0.00000000	0.00000000	0.00000000	0.00000000	0.00000000	0.00000000	0.00000000	0.00000000	0.00000000	0.00000000	0.00000000	0.00000000	0.00000000	0.00000000	0.00000000	0.00000000	-0.00006212	-0.00112626	0.00000000	0.00181404	0.00104902	0.00224450	0.00117314	15.52874851	5.72558594	3.45770240	0.00000000	0.00000000	0.00000000	0.00000000	0.00000000	0.00000000	2.89362550	1.42278326	0.00000000	0.00000000	0.00000000	0.00000000	-0.02240867	
0.00000000	0.00000000	0.00000000	0.00000000	0.00000000	0.00000000	0.00000000	0.00000000	0.00000000	0.00000000	0.00000000	0.00000000	0.00000000	0.00000000	0.00000000	0.00000000	0.00000000	0.00000000	0.00000000	-0.00007565	-0.00129412	0.00000000	0.00181404	0.00104902	0.00224450	0.00117314	15.52874851	5.72558594	3.45770240	0.00000000	0.00000000	0.00000000	0.00000000	0.00000000	0.00000000	2.89362574	1.42278326	0.00000000	0.00000000	0.00000000	0.00000000	-0.01788338	
0.00000000	0.00000000	0.00000000	0.00000000	0.00000000	0.00000000	0.00000000	0.00000000	0.00000000	0.00000000	0.00000000	0.00000000	0.00000000	0.00000000	0.00000000	0.00000000	0.00000000	0.00000000	0.00000000	-0.00009894	-0.00255844	0.00000000	0.00181404	0.00104902	0.00224450	0.00117314	15.52874851	5.72558594	3.45770240	0.00000000	0.00000000	0.00000000	0.00000000	0.00000000	0.00000000	2.89362550	1.42278326	0.00000000	0.00000000	0.00000000	0.00000000	-0.01725707	
0.79645693	0.00000000	0.00058593	0.00000000	0.00058593	0.00000000	0.00009797	0.00000000	0.00051433	0.00000000	0.00002449	0.00000000	0.00012858	0.00630914	0.00630914	0.00105489	0.00553816	0.00026372	0.00138454	0.00192365	-0.00217316	0.00311163	0.00204352	0.00131740	0.00259540	0.00153265	48.24262238	8.28988457	7.17612886	4.80802441	1.92063248	0.00201673	0.00109489	0.26379248	0.13189624	4.59530783	2.72687650	0.33053437	0.46592256	0.00048769	0.00359932	-0.01694393	
5.06067753	0.00000000	0.00190995	0.00000000	0.00190995	0.00000000	0.00031934	0.00000000	0.00167655	0.00000000	0.00007984	0.00000000	0.00041914	0.00414502	0.00414502	0.00069305	0.00363849	0.00017326	0.00090962	0.00641657	0.00161082	0.01126054	0.00249537	0.00122161	0.00330413	0.00139232	89.03363037	13.95854568	13.19006538	12.69521141	2.21052551	0.00636942	0.00489112	0.69810754	0.34905377	6.81412029	2.21052551	0.99147373	4.06920385	0.00354136	0.01480190	-0.01743145	
5.68485117	0.00000000	0.00196012	0.00000000	0.00196012	0.00000000	0.00032773	0.00000000	0.00172059	0.00000000	0.00008193	0.00000000	0.00043015	0.00000000	0.00000000	0.00000000	0.00000000	0.00000000	0.00000000	0.00657428	0.00125326	0.01264891	0.00257818	0.00121821	0.00343017	0.00138905	108.04547882	14.94143677	14.19122410	13.46111488	1.95590067	0.00717301	0.00547590	0.89742309	0.44871154	7.06144094	1.95590067	0.99660289	4.68824816	0.00379340	0.01644230	-0.02722133	
5.66232967	0.00000000	0.00213828	0.00000000	0.00213828	0.00000000	0.00035752	0.00000000	0.00187698	0.00000000	0.00008938	0.00000000	0.00046925	0.00000000	0.00000000	0.00000000	0.00000000	0.00000000	0.00000000	0.00715581	0.00228915	0.01357098	0.00268673	0.00135015	0.00360624	0.00154707	120.48717499	15.44644833	15.66089153	14.84488487	2.21616840	0.00760876	0.00596223	0.94699812	0.47349906	7.69302464	2.21616840	0.99652559	4.66580486	0.00427662	0.01784761	-0.03578012	
5.63953066	0.00000000	0.00193223	0.00000000	0.00193223	0.00000000	0.00032307	0.00000000	0.00169611	0.00000000	0.00008077	0.00000000	0.00042403	0.00000000	0.00000000	0.00000000	0.00000000	0.00000000	0.00000000	0.00646753	0.00188834	0.01318384	0.00268615	0.00132321	0.00359694	0.00151338	123.63699341	15.51370049	15.06789780	14.44651890	1.97650158	0.00756300	0.00562084	1.07940686	0.53970343	7.59698057	1.97650158	0.99644542	4.64308596	0.00275925	0.01594309	-0.07817976	
5.59651423	0.00000000	0.00149216	0.00000000	0.00149216	0.00000000	0.00024949	0.00000000	0.00130982	0.00000000	0.00006237	0.00000000	0.00032746	0.00000000	0.00000000	0.00000000	0.00000000	0.00000000	0.00000000	0.00500621	0.00197633	0.00981764	0.00249628	0.00113545	0.00330713	0.00128833	89.69681549	14.38630199	13.25554085	12.55725384	1.89318442	0.00557764	0.00424000	0.74375433	0.37187716	6.59409094	1.89318442	0.99628365	4.60023212	0.00277450	0.01259214	-0.10138094	
3.24069309	0.00000000	0.00081927	0.00000000	0.00081927	0.00000000	0.00013698	0.00000000	0.00071915	0.00000000	0.00003425	0.00000000	0.00017979	0.00000000	0.00000000	0.00000000	0.00000000	0.00000000	0.00000000	0.00275359	-0.00007965	0.00483813	0.00226209	0.00114713	0.00294684	0.00130866	46.80257416	10.96233845	8.87263680	8.46415329	2.02683234	0.00298490	0.00185323	0.39352736	0.19676368	5.44317532	2.13274026	0.86213577	2.37855721	0.00149305	0.00633118	-0.03192045	
0.00000000	0.00000000	0.00000000	0.00000000	0.00000000	0.00000000	0.00000000	0.00000000	0.00000000	0.00000000	0.00000000	0.00000000	0.00000000	0.00000000	0.00000000	0.00000000	0.00000000	0.00000000	0.00000000	-0.00015559	-0.00314372	0.00000000	0.00187524	0.00100718	0.00230607	0.00111198	29.25408554	9.71162605	5.67452049	0.00000000	0.00000000	0.00000000	0.00000000	0.00000000	0.00000000	4.94952250	1.64157128	0.00000000	0.00000000	0.00000000	0.00000000	-0.01796165	
0.00000000	0.00000000	0.00000000	0.00000000	0.00000000	0.00000000	0.00000000	0.00000000	0.00000000	0.00000000	0.00000000	0.00000000	0.00000000	0.00000000	0.00000000	0.00000000	0.00000000	0.00000000	0.00000000	-0.00008515	-0.00164794	0.00000000	0.00187524	0.00100718	0.00230607	0.00111198	29.25408554	9.71162701	5.67452002	0.00000000	0.00000000	0.00000000	0.00000000	0.00000000	0.00000000	4.94952250	1.64157128	0.00000000	0.00000000	0.00000000	0.00000000	-0.01710889	
0.00000000	0.00000000	0.00000000	0.00000000	0.00000000	0.00000000	0.00000000	0.00000000	0.00000000	0.00000000	0.00000000	0.00000000	0.00000000	0.00000000	0.00000000	0.00000000	0.00000000	0.00000000	0.00000000	-0.00007101	-0.00137058	0.00000000	0.00187524	0.00100718	0.00230607	0.00111198	29.25408554	9.71162701	5.67452002	0.00000000	0.00000000	0.00000000	0.00000000	0.00000000	0.00000000	4.94952250	1.64157128	0.00000000	0.00000000	0.00000000	0.00000000	-0.01905521	
0.00000000	0.00000000	0.00000000	0.00000000	0.00000000	0.00000000	0.00000000	0.00000000	0.00000000	0.00000000	0.00000000	0.00000000	0.00000000	0.00000000	0.00000000	0.00000000	0.00000000	0.00000000	0.00000000	-0.00006324	-0.00137799	0.00000000	0.00187524	0.00100718	0.00230607	0.00111198	29.25408554	9.71162510	5.67452097	0.00000000	0.00000000	0.00000000	0.00000000	0.00000000	0.00000000	4.94952250	1.64157128	0.00000000	0.00000000	0.00000000	0.00000000	-0.01633626	
0.00000000	0.00000000	0.00000000	0.00000000	0.00000000	0.00000000	0.00000000	0.00000000	0.00000000	0.00000000	0.00000000	0.00000000	0.00000000	0.00000000	0.00000000	0.00000000	0.00000000	0.00000000	0.00000000	-0.00010902	-0.00303943	0.00000000	0.00187524	0.00100718	0.00230607	0.00111198	29.25408554	9.71162701	5.67452002	0.00000000	0.00000000	0.00000000	0.00000000	0.00000000	0.00000000	4.94952250	1.64157128	0.00000000	0.00000000	0.00000000	0.00000000	-0.01640404	
1.95514572	0.00000000	0.00105546	0.00000000	0.00105546	0.00000000	0.00017647	0.00000000	0.00092648	0.00000000	0.00004412	0.00000000	0.00023162	0.00868332	0.00868332	0.00145185	0.00762222	0.00036296	0.00190556	0.00351190	-0.00058711	0.00546047	0.00232267	0.00145085	0.00304520	0.00171969	54.78909683	11.25088501	9.81238461	7.90669727	2.74250674	0.00333199	0.00212848	0.32428825	0.16214412	6.04906702	3.18025899	0.61993760	1.33520842	0.00130843	0.00676890	-0.01862191	
5.52398491	0.00000000	0.00197207	0.00000000	0.00197207	0.00000000	0.00032973	0.00000000	0.00173108	0.00000000	0.00008243	0.00000000	0.00043277	0.00192285	0.00192285	0.00032150	0.00168788	0.00008038	0.00042197	0.00662019	0.00230828	0.01204570	0.00254680	0.00124027	0.00338587	0.00141717	100.60519409	14.35736084	13.87036991	13.19687843	2.17937517	0.00666031	0.00538538	0.79226339	0.39613169	7.01379633	2.17937517	0.99578089	4.52820349	0.00370720	0.01575289	-0.02724455	
5.72047520	0.00000000	0.00210972	0.00000000	0.00210972	0.00000000	0.00035274	0.00000000	0.00185191	0.00000000	0.00008819	0.00000000	0.00046298	0.00000000	0.00000000	0.00000000	0.00000000	0.00000000	0.00000000	0.00706726	0.00265087	0.01404237	0.00268397	0.00134891	0.00359228	0.00154479	128.19708252	15.60796642	15.56321430	14.86500931	2.10296988	0.00793589	0.00610648	1.07775855	0.53887928	7.76104975	2.10296988	0.99672186	4.72375345	0.00419118	0.01823355	-0.11289836	
5.69781351	0.00000000	0.00201880	0.00000000	0.00201880	0.00000000	0.00033754	0.00000000	0.00177210	0.00000000	0.00008439	0.00000000	0.00044303	0.00000000	0.00000000	0.00000000	0.00000000	0.00000000	0.00000000	0.00675929	0.00300886	0.01435996	0.00264498	0.00141262	0.00350811	0.00162093	151.76855469	15.47926807	16.02143288	15.15283489	2.31836247	0.00782668	0.00653328	1.26969349	0.63484675	8.05743313	2.31836247	0.99664658	4.70116758	0.00471817	0.01907813	-0.25265768	
5.67487240	0.00000000	0.00175458	0.00000000	0.00175458	0.00000000	0.00029337	0.00000000	0.00154017	0.00000000	0.00007334	0.00000000	0.00038504	0.00000000	0.00000000	0.00000000	0.00000000	0.00000000	0.00000000	0.00587881	0.00262781	0.01247544	0.00263647	0.00127923	0.00350452	0.00145403	123.79994965	15.44412518	14.91396332	14.27796268	1.94281924	0.00716206	0.00531338	1.08956206	0.54478103	7.50846720	1.94281924	0.99656868	4.67830324	0.00333216	0.01580760	-0.33002311	
5.61539936	0.00000000	0.00158760	0.00000000	0.00158760	0.00000000	0.00026545	0.00000000	0.00139359	0.00000000	0.00006636	0.00000000	0.00034840	0.00000000	0.00000000	0.00000000	0.00000000	0.00000000	0.00000000	0.00532048	0.00259740	0.01065747	0.00253679	0.00123740	0.00335646	0.00140518	111.39038849	14.74076843	14.58835030	13.89509583	2.12417865	0.00594572	0.00471175	0.88580322	0.44290161	7.19235468	2.12417865	0.99634546	4.61905527	0.00344203	0.01409949	-0.21921973	
3.15534616	0.00000000	0.00085445	0.00000000	0.00085445	0.00000000	0.00014286	0.00000000	0.00075004	0.00000000	0.00003572	0.00000000	0.00018751	0.00000000	0.00000000	0.00000000	0.00000000	0.00000000	0.00000000	0.00282125	-0.00087550	0.00515195	0.00235802	0.00133455	0.00310515	0.00155923	62.46275330	12.20091057	10.98260689	10.08287811	2.57981277	0.00323352	0.00191843	0.47089458	0.23544729	6.25460005	2.89532328	0.85681534	2.29853058	0.00219403	0.00734597	-0.03570783	
0.00000000	0.00000000	0.00000000	0.00000000	0.00000000	0.00000000	0.00000000	0.00000000	0.00000000	0.00000000	0.00000000	0.00000000	0.00000000	0.00000000	0.00000000	0.00000000	0.00000000	0.00000000	0.00000000	-0.00013512	-0.00278392	0.00000000	0.00217434	0.00142788	0.00280675	0.00166969	60.08102798	11.16657639	11.24888992	0.00000000	0.00000000	0.00000000	0.00000000	0.00000000	0.00000000	6.38029432	4.89041185	0.00000000	0.00000000	0.00000000	0.00000000	-0.01564307	
0.00000000	0.00000000	0.00000000	0.00000000	0.00000000	0.00000000	0.00000000	0.00000000	0.00000000	0.00000000	0.00000000	0.00000000	0.00000000	0.00000000	0.00000000	0.00000000	0.00000000	0.00000000	0.00000000	-0.00007414	-0.00125891	0.00000000	0.00217434	0.00142788	0.00280675	0.00166969	60.08102798	11.16657543	11.24889088	0.00000000	0.00000000	0.00000000	0.00000000	0.00000000	0.00000000	6.38029432	4.89041185	0.00000000	0.00000000	0.00000000	0.00000000	-0.02010418	
