0.00000000	0.00000000	0.00000000	0.00000000	0.00000000	0.00000000	0.00000000	0.00000000	0.00000000	0.00000000	0.00000000	0.00000000	0.00000000	0.00000000	0.00000000	0.00000000	0.00000000	0.00000000	0.00000000	-0.00008181	-0.00177754	0.00000000	0.00000000	0.00142957	0.00000000	0.00167204	59.89504623	11.29148197	11.28870678	0.00000000	0.00000000	0.00000000	0.00000000	0.00000000	0.00000000	6.44206667	4.90983009	0.00000000	0.00000000	0.00000000	0.00000000	-0.02012657	
0.00000000	0.00000000	0.00000000	0.00000000	0.00000000	0.00000000	0.00000000	0.00000000	0.00000000	0.00000000	0.00000000	0.00000000	0.00000000	0.00000000	0.00000000	0.00000000	0.00000000	0.00000000	0.00000000	-0.00006775	-0.00156970	0.00000000	0.00000000	0.00142957	0.00000000	0.00167204	59.89505005	11.29148293	11.28870869	0.00000000	0.00000000	0.00000000	0.00000000	0.00000000	0.00000000	6.44206715	4.90982914	0.00000000	0.00000000	0.00000000	0.00000000	-0.01549059	
0.00000000	0.00000000	0.00000000	0.00000000	0.00000000	0.00000000	0.00000000	0.00000000	0.00000000	0.00000000	0.00000000	0.00000000	0.00000000	0.00000000	0.00000000	0.00000000	0.00000000	0.00000000	0.00000000	-0.00007876	-0.00193308	0.00000000	0.00000000	0.00142957	0.00000000	0.00167204	59.89504623	11.29148197	11.28870678	0.00000000	0.00000000	0.00000000	0.00000000	0.00000000	0.00000000	6.44206667	4.90983009	0.00000000	0.00000000	0.00000000	0.00000000	-0.01693308	
0.82630354	0.00000000	0.00060353	0.00000000	0.00060353	0.00000000	0.00010091	0.00000000	0.00052977	0.00000000	0.00002523	0.00000000	0.00013244	0.00654557	0.00654557	0.00109442	0.00574570	0.00027360	0.00143643	0.00197681	-0.00198397	0.00313219	0.00111038	0.00158552	0.00148157	0.00189459	72.15326691	11.99081802	12.18243313	5.29214430	2.00348639	0.00213326	0.00099893	0.25241572	0.12620786	6.87550545	4.78572226	0.33458155	0.49172196	0.00057240	0.00370459	-0.01448173	
5.25032187	0.00000000	0.00183255	0.00000000	0.00183255	0.00000000	0.00030640	0.00000000	0.00160861	0.00000000	0.00007660	0.00000000	0.00040215	0.00430035	0.00430035	0.00071902	0.00377484	0.00017975	0.00094371	0.00615790	0.00258345	0.01055356	0.00252181	0.00126085	0.00336415	0.00144768	84.00853729	13.59483528	13.21381950	12.55403423	2.38539219	0.00572160	0.00483196	0.61084640	0.30542320	6.73598337	2.38539219	0.99277866	4.25754356	0.00453524	0.01508880	-0.01901554	
5.89788580	0.00000000	0.00202044	0.00000000	0.00202044	0.00000000	0.00033782	0.00000000	0.00177354	0.00000000	0.00008445	0.00000000	0.00044339	0.00000000	0.00000000	0.00000000	0.00000000	0.00000000	0.00000000	0.00677116	0.00217433	0.01370944	0.00269190	0.00134292	0.00360420	0.00153593	132.17982483	15.45317554	15.52798748	14.81552792	2.05108237	0.00765246	0.00605698	1.10348403	0.55174202	7.66366434	2.05108237	0.99725467	4.90063047	0.00469131	0.01840074	-0.04248916	
5.87452269	0.00000000	0.00195288	0.00000000	0.00195288	0.00000000	0.00032652	0.00000000	0.00171424	0.00000000	0.00008163	0.00000000	0.00042856	0.00000000	0.00000000	0.00000000	0.00000000	0.00000000	0.00000000	0.00654048	0.00262550	0.01363085	0.00271776	0.00136069	0.00364327	0.00155787	135.70304871	15.63516808	15.66303730	14.95195961	2.03789687	0.00765685	0.00597400	1.14566159	0.57283080	7.77220821	2.03789687	0.99718988	4.87733173	0.00451291	0.01814376	-0.12782890	
5.85086775	0.00000000	0.00172212	0.00000000	0.00172212	0.00000000	0.00028794	0.00000000	0.00151168	0.00000000	0.00007198	0.00000000	0.00037792	0.00000000	0.00000000	0.00000000	0.00000000	0.00000000	0.00000000	0.00577069	0.00283627	0.01197354	0.00269501	0.00137244	0.00361849	0.00157757	130.50053406	15.47092724	15.91309929	14.89113903	2.23900294	0.00655507	0.00541847	1.00574386	0.50287193	7.75709486	2.23900294	0.99712247	4.85374594	0.00515226	0.01712580	-0.26907724	
5.80623960	0.00000000	0.00155075	0.00000000	0.00155075	0.00000000	0.00025929	0.00000000	0.00136125	0.00000000	0.00006482	0.00000000	0.00034031	0.00000000	0.00000000	0.00000000	0.00000000	0.00000000	0.00000000	0.00519794	0.00154153	0.01057013	0.00256257	0.00118829	0.00340518	0.00134816	103.55448151	14.72904015	14.03271198	13.31639290	1.90979147	0.00594276	0.00462737	0.85460180	0.42730090	6.89216948	1.90979147	0.99698645	4.80925274	0.00289538	0.01346551	-0.08815478	
3.36213565	0.00000000	0.00087728	0.00000000	0.00087728	0.00000000	0.00014668	0.00000000	0.00077007	0.00000000	0.00003667	0.00000000	0.00019252	0.00000000	0.00000000	0.00000000	0.00000000	0.00000000	0.00000000	0.00295127	-0.00028294	0.00533424	0.00235066	0.00127205	0.00309040	0.00146718	55.49234772	11.39288425	9.88105202	9.50408459	2.24504542	0.00321689	0.00211735	0.44702625	0.22351313	5.69920588	2.33683443	0.86712831	2.49500680	0.00220240	0.00753664	-0.03906707	
0.00000000	0.00000000	0.00000000	0.00000000	0.00000000	0.00000000	0.00000000	0.00000000	0.00000000	0.00000000	0.00000000	0.00000000	0.00000000	0.00000000	0.00000000	0.00000000	0.00000000	0.00000000	0.00000000	-0.00014090	-0.00292259	0.00000000	0.00181404	0.00104970	0.00224450	0.00117400	15.50686741	5.71690226	3.45295668	0.00000000	0.00000000	0.00000000	0.00000000	0.00000000	0.00000000	2.88956523	1.42273319	0.00000000	0.00000000	0.00000000	0.00000000	-0.02283554	
0.00000000	0.00000000	0.00000000	0.00000000	0.00000000	0.00000000	0.00000000	0.00000000	0.00000000	0.00000000	0.00000000	0.00000000	0.00000000	0.00000000	0.00000000	0.00000000	0.00000000	0.00000000	0.00000000	-0.00009056	-0.00185059	0.00000000	0.00181404	0.00104970	0.00224450	0.00117400	15.50686741	5.71690226	3.45295668	0.00000000	0.00000000	0.00000000	0.00000000	0.00000000	0.00000000	2.88956523	1.42273319	0.00000000	0.00000000	0.00000000	0.00000000	-0.01821074	
0.00000000	0.00000000	0.00000000	0.00000000	0.00000000	0.00000000	0.00000000	0.00000000	0.00000000	0.00000000	0.00000000	0.00000000	0.00000000	0.00000000	0.00000000	0.00000000	0.00000000	0.00000000	0.00000000	-0.00006256	-0.00140824	0.00000000	0.00181404	0.00104970	0.00224450	0.00117400	15.50686741	5.71690226	3.45295668	0.00000000	0.00000000	0.00000000	0.00000000	0.00000000	0.00000000	2.88956523	1.42273319	0.00000000	0.00000000	0.00000000	0.00000000	-0.02240867	
0.00000000	0.00000000	0.00000000	0.00000000	0.00000000	0.00000000	0.00000000	0.00000000	0.00000000	0.00000000	0.00000000	0.00000000	0.00000000	0.00000000	0.00000000	0.00000000	0.00000000	0.00000000	0.00000000	-0.00007571	-0.00159196	0.00000000	0.00181404	0.00104970	0.00224450	0.00117400	15.50686741	5.71690226	3.45295668	0.00000000	0.00000000	0.00000000	0.00000000	0.00000000	0.00000000	2.88956523	1.42273319	0.00000000	0.00000000	0.00000000	0.00000000	-0.01788338	
0.00000000	0.00000000	0.00000000	0.00000000	0.00000000	0.00000000	0.00000000	0.00000000	0.00000000	0.00000000	0.00000000	0.00000000	0.00000000	0.00000000	0.00000000	0.00000000	0.00000000	0.00000000	0.00000000	-0.00009755	-0.00267148	0.00000000	0.00181404	0.00104970	0.00224450	0.00117400	15.50686741	5.71690226	3.45295668	0.00000000	0.00000000	0.00000000	0.00000000	0.00000000	0.00000000	2.88956523	1.42273319	0.00000000	0.00000000	0.00000000	0.00000000	-0.01725707	
0.98721111	0.00000000	0.00068044	0.00000000	0.00068044	0.00000000	0.00011377	0.00000000	0.00059729	0.00000000	0.00002844	0.00000000	0.00014932	0.00671210	0.00671210	0.00112226	0.00589188	0.00028057	0.00147297	0.00224967	-0.00133270	0.00360560	0.00207225	0.00133735	0.00264087	0.00155965	50.63719940	8.56657982	7.53330851	5.39248466	2.07654858	0.00230838	0.00129722	0.29124203	0.14562102	4.74839497	2.78791523	0.38995665	0.59725451	0.00067588	0.00428148	-0.01694393	
5.05923080	0.00000000	0.00185951	0.00000000	0.00185951	0.00000000	0.00031091	0.00000000	0.00163228	0.00000000	0.00007773	0.00000000	0.00040807	0.00354947	0.00354947	0.00059347	0.00311572	0.00014837	0.00077893	0.00624608	0.00201978	0.01097679	0.00249537	0.00122115	0.00330413	0.00139204	89.02610779	13.96372318	13.19226170	12.69620037	2.21285272	0.00621003	0.00476676	0.69821149	0.34910575	6.81539822	2.21285272	0.99212718	4.06710386	0.00382964	0.01480642	-0.01743145	
5.56962585	0.00000000	0.00191204	0.00000000	0.00191204	0.00000000	0.00031969	0.00000000	0.00167839	0.00000000	0.00007992	0.00000000	0.00041960	0.00000000	0.00000000	0.00000000	0.00000000	0.00000000	0.00000000	0.00641190	0.00166607	0.01227804	0.00257818	0.00123171	0.00343017	0.00140669	107.91648102	14.92426109	14.18375778	13.44988060	2.00166154	0.00698433	0.00529370	0.89471883	0.44735941	7.10452080	2.00166154	0.99618798	4.57343864	0.00410462	0.01638266	-0.02722133	
5.54756212	0.00000000	0.00208035	0.00000000	0.00208035	0.00000000	0.00034783	0.00000000	0.00182613	0.00000000	0.00008696	0.00000000	0.00045653	0.00000000	0.00000000	0.00000000	0.00000000	0.00000000	0.00000000	0.00696113	0.00245143	0.01316964	0.00268673	0.00136470	0.00360624	0.00156636	120.33934021	15.42869091	15.65231895	14.83148575	2.26723576	0.00740235	0.00576728	0.94413620	0.47206810	7.73579407	2.26723576	0.99610305	4.55145884	0.00461198	0.01778162	-0.03578012	
5.52522612	0.00000000	0.00186959	0.00000000	0.00186959	0.00000000	0.00031260	0.00000000	0.00164112	0.00000000	0.00007815	0.00000000	0.00041028	0.00000000	0.00000000	0.00000000	0.00000000	0.00000000	0.00000000	0.00625752	0.00196557	0.01274690	0.00268615	0.00133762	0.00359694	0.00153240	123.51422882	15.49682426	15.06182289	14.43575954	2.02497530	0.00732732	0.00541958	1.07613528	0.53806764	7.64263391	2.02497530	0.99601495	4.52921057	0.00314037	0.01588727	-0.07817976	
5.47582340	0.00000000	0.00148636	0.00000000	0.00148636	0.00000000	0.00024852	0.00000000	0.00130473	0.00000000	0.00006213	0.00000000	0.00032618	0.00000000	0.00000000	0.00000000	0.00000000	0.00000000	0.00000000	0.00498436	0.00185352	0.00972656	0.00249628	0.00114902	0.00330713	0.00130585	89.56593323	14.36715698	13.24544239	12.54499245	1.93728900	0.00553347	0.00419309	0.74135864	0.37067932	6.63657665	1.93728900	0.99580377	4.48001957	0.00281506	0.01254162	-0.10138094	
3.12297368	0.00000000	0.00080388	0.00000000	0.00080388	0.00000000	0.00013441	0.00000000	0.00070565	0.00000000	0.00003360	0.00000000	0.00017641	0.00000000	0.00000000	0.00000000	0.00000000	0.00000000	0.00000000	0.00270089	-0.00036515	0.00474085	0.00226209	0.00116239	0.00294684	0.00132838	46.60602188	10.91771984	8.84167480	8.43264294	2.06602216	0.00294516	0.00179569	0.39084876	0.19542438	5.45327806	2.17258310	0.85608488	2.26688910	0.00148717	0.00622802	-0.03192045	
0.00000000	0.00000000	0.00000000	0.00000000	0.00000000	0.00000000	0.00000000	0.00000000	0.00000000	0.00000000	0.00000000	0.00000000	0.00000000	0.00000000	0.00000000	0.00000000	0.00000000	0.00000000	0.00000000	-0.00015463	-0.00354082	0.00000000	0.00187524	0.00100939	0.00230607	0.00111472	29.21338081	9.68299484	5.66849327	0.00000000	0.00000000	0.00000000	0.00000000	0.00000000	0.00000000	4.94326830	1.65169156	0.00000000	0.00000000	0.00000000	0.00000000	-0.01796165	
0.00000000	0.00000000	0.00000000	0.00000000	0.00000000	0.00000000	0.00000000	0.00000000	0.00000000	0.00000000	0.00000000	0.00000000	0.00000000	0.00000000	0.00000000	0.00000000	0.00000000	0.00000000	0.00000000	-0.00008527	-0.00200119	0.00000000	0.00187524	0.00100939	0.00230607	0.00111472	29.21338081	9.68299389	5.66849279	0.00000000	0.00000000	0.00000000	0.00000000	0.00000000	0.00000000	4.94326830	1.65169156	0.00000000	0.00000000	0.00000000	0.00000000	-0.01710889	
0.00000000	0.00000000	0.00000000	0.00000000	0.00000000	0.00000000	0.00000000	0.00000000	0.00000000	0.00000000	0.00000000	0.00000000	0.00000000	0.00000000	0.00000000	0.00000000	0.00000000	0.00000000	0.00000000	-0.00007060	-0.00160026	0.00000000	0.00187524	0.00100939	0.00230607	0.00111472	29.21338081	9.68299389	5.66849279	0.00000000	0.00000000	0.00000000	0.00000000	0.00000000	0.00000000	4.94326830	1.65169156	0.00000000	0.00000000	0.00000000	0.00000000	-0.01905521	
0.00000000	0.00000000	0.00000000	0.00000000	0.00000000	0.00000000	0.00000000	0.00000000	0.00000000	0.00000000	0.00000000	0.00000000	0.00000000	0.00000000	0.00000000	0.00000000	0.00000000	0.00000000	0.00000000	-0.00006271	-0.00155417	0.00000000	0.00187524	0.00100939	0.00230607	0.00111472	29.21338081	9.68299580	5.66849375	0.00000000	0.00000000	0.00000000	0.00000000	0.00000000	0.00000000	4.94326830	1.65169156	0.00000000	0.00000000	0.00000000	0.00000000	-0.01633626	
0.00000000	0.00000000	0.00000000	0.00000000	0.00000000	0.00000000	0.00000000	0.00000000	0.00000000	0.00000000	0.00000000	0.00000000	0.00000000	0.00000000	0.00000000	0.00000000	0.00000000	0.00000000	0.00000000	-0.00010645	-0.00296022	0.00000000	0.00187524	0.00100939	0.00230607	0.00111472	29.21338081	9.68299389	5.66849279	0.00000000	0.00000000	0.00000000	0.00000000	0.00000000	0.00000000	4.94326830	1.65169156	0.00000000	0.00000000	0.00000000	0.00000000	-0.01640404	
2.35922360	0.00000000	0.00122919	0.00000000	0.00122919	0.00000000	0.00020552	0.00000000	0.00107898	0.00000000	0.00005138	0.00000000	0.00026975	0.00906260	0.00906260	0.00151527	0.00795515	0.00037882	0.00198879	0.00411841	0.00034544	0.00641161	0.00236121	0.00147959	0.00310315	0.00175242	64.62892151	11.69187546	10.79968834	9.30312729	3.19821525	0.00386565	0.00254596	0.41007689	0.20503844	6.38177443	3.47349715	0.71409768	1.64512599	0.00164624	0.00805785	-0.01862191	
5.51930380	0.00000000	0.00192104	0.00000000	0.00192104	0.00000000	0.00032120	0.00000000	0.00168629	0.00000000	0.00008030	0.00000000	0.00042157	0.00141657	0.00141657	0.00023685	0.00124346	0.00005921	0.00031087	0.00644630	0.00261419	0.01175704	0.00254680	0.00124046	0.00338587	0.00141726	100.61869812	14.35788250	13.87124634	13.19786167	2.17747593	0.00650276	0.00525429	0.79233319	0.39616659	7.01737499	2.17747593	0.99587834	4.52342463	0.00400345	0.01576049	-0.02724455	
5.64137697	0.00000000	0.00202462	0.00000000	0.00202462	0.00000000	0.00033852	0.00000000	0.00177721	0.00000000	0.00008463	0.00000000	0.00044430	0.00000000	0.00000000	0.00000000	0.00000000	0.00000000	0.00000000	0.00678113	0.00296210	0.01348939	0.00268397	0.00135881	0.00359228	0.00155790	128.10643005	15.59652805	15.55861092	14.85667229	2.13747668	0.00763709	0.00585230	1.07556450	0.53778225	7.79204416	2.13747668	0.99645191	4.64492559	0.00470054	0.01818993	-0.11289836	
5.61902857	0.00000000	0.00194464	0.00000000	0.00194464	0.00000000	0.00032514	0.00000000	0.00170701	0.00000000	0.00008129	0.00000000	0.00042675	0.00000000	0.00000000	0.00000000	0.00000000	0.00000000	0.00000000	0.00650972	0.00311379	0.01385438	0.00264498	0.00142243	0.00350811	0.00163400	151.66825867	15.46874809	16.01758957	15.14444351	2.35662961	0.00756275	0.00629163	1.26710129	0.63355064	8.08817387	2.35662961	0.99637175	4.62265682	0.00517554	0.01902992	-0.25265768	
5.59640408	0.00000000	0.00169140	0.00000000	0.00169140	0.00000000	0.00028280	0.00000000	0.00148471	0.00000000	0.00007070	0.00000000	0.00037118	0.00000000	0.00000000	0.00000000	0.00000000	0.00000000	0.00000000	0.00566590	0.00264190	0.01205120	0.00263647	0.00128886	0.00350452	0.00146659	123.71880341	15.43297100	14.91018105	14.27099133	1.97544789	0.00693152	0.00511968	1.08733094	0.54366547	7.54076099	1.97544789	0.99628872	4.60011530	0.00371949	0.01577069	-0.33002311	
5.52787590	0.00000000	0.00155068	0.00000000	0.00155068	0.00000000	0.00025927	0.00000000	0.00136118	0.00000000	0.00006482	0.00000000	0.00034030	0.00000000	0.00000000	0.00000000	0.00000000	0.00000000	0.00000000	0.00519470	0.00242761	0.01043347	0.00253679	0.00124780	0.00335646	0.00141870	111.28474426	14.72730923	14.58110905	13.88524532	2.16070104	0.00582949	0.00460398	0.88374633	0.44187316	7.22405291	2.16070104	0.99600595	4.53186989	0.00362549	0.01405896	-0.21921973	
3.06144881	0.00000000	0.00083317	0.00000000	0.00083317	0.00000000	0.00013931	0.00000000	0.00073136	0.00000000	0.00003483	0.00000000	0.00018284	0.00000000	0.00000000	0.00000000	0.00000000	0.00000000	0.00000000	0.00275084	-0.00089747	0.00501044	0.00235802	0.00134694	0.00310515	0.00157596	62.24466324	12.16311455	10.95310020	10.05395699	2.62015319	0.00316540	0.00184504	0.46824241	0.23412120	6.26227617	2.93568516	0.85167259	2.20977688	0.00223195	0.00724239	-0.03570783	
0.00000000	0.00000000	0.00000000	0.00000000	0.00000000	0.00000000	0.00000000	0.00000000	0.00000000	0.00000000	0.00000000	0.00000000	0.00000000	0.00000000	0.00000000	0.00000000	0.00000000	0.00000000	0.00000000	-0.00013365	-0.00294506	0.00000000	0.00217434	0.00142973	0.00280675	0.00167226	59.87682724	11.13631058	11.21725559	0.00000000	0.00000000	0.00000000	0.00000000	0.00000000	0.00000000	6.36198473	4.89074850	0.00000000	0.00000000	0.00000000	0.00000000	-0.01564307	
0.00000000	0.00000000	0.00000000	0.00000000	0.00000000	0.00000000	0.00000000	0.00000000	0.00000000	0.00000000	0.00000000	0.00000000	0.00000000	0.00000000	0.00000000	0.00000000	0.00000000	0.00000000	0.00000000	-0.00007423	-0.00149032	0.00000000	0.00217434	0.00142973	0.00280675	0.00167226	59.87682724	11.13631153	11.21725559	0.00000000	0.00000000	0.00000000	0.00000000	0.00000000	0.00000000	6.36198473	4.89074850	0.00000000	0.00000000	0.00000000	0.00000000	-0.02010418	
