0.00000000	-0.00009536	-0.00207124	0.00000000	-0.00337755	43.34568405	1.38249934	88.54615021	46.32861328	0.00196242	0.00000024	
0.00000000	-0.00007924	-0.00172650	0.00000000	-0.00317058	48.35180283	3.37957835	91.95100403	47.31613541	0.00163101	0.00000047	
0.00000000	-0.00009230	-0.00208919	0.00000000	-0.00319594	47.95272064	4.40146208	91.88031006	47.08401871	0.00198158	0.00000060	
0.44516745	0.00130122	-0.00234642	0.00208214	-0.00297981	43.46334076	2.08188534	89.57786560	48.09830856	0.00384193	0.00000078	
5.04443073	0.00692590	0.00357028	0.01145212	-0.00390103	35.28087234	0.38447270	78.17925262	44.67307663	0.00461165	0.00000014	
6.03794003	0.00785768	0.00323021	0.01521417	-0.00674473	0.15133809	0.00000000	14.36381149	37.68085480	0.00634758	0.00000000	
6.01402044	0.00779500	0.00342141	0.01536855	-0.01762618	0.00000000	0.00000000	7.59752274	27.94369125	0.00620700	0.00000000	
5.98980570	0.00738112	0.00340300	0.01415999	-0.01803177	0.00000000	0.00000000	6.26530361	30.49586868	0.00570655	0.00000000	
5.95065975	0.00637948	0.00209646	0.01217323	-0.00470494	0.00000000	0.00000000	5.87064266	42.38367462	0.00581727	0.00000000	
3.49966359	0.00338067	-0.00033454	0.00595467	-0.00407238	0.00000000	0.00000000	7.29361868	44.14368439	0.00445695	0.00000000	
0.00000000	-0.00015193	-0.00330318	0.00000000	-0.00339345	0.57084310	0.00000000	30.97104073	46.29857254	0.00314904	0.00000000	
0.00000000	-0.00009752	-0.00203137	0.00000000	-0.00336381	39.05892563	2.90075278	84.12333679	46.46034241	0.00192067	0.00000048	
0.00000000	-0.00006715	-0.00157696	0.00000000	-0.00382694	43.67496490	0.97062516	87.18206787	44.76611328	0.00149256	0.00000012	
0.00000000	-0.00008112	-0.00170346	0.00000000	-0.00340211	41.75573349	0.81457025	87.25347900	46.21436691	0.00160447	0.00000010	
0.00000000	-0.00010392	-0.00266422	0.00000000	-0.00308288	41.24357224	1.11483240	87.69348907	47.60362244	0.00254601	0.00000024	
0.56351393	0.00154106	-0.00190452	0.00249431	-0.00300968	40.75643539	1.71553338	86.30356598	48.01745605	0.00367199	0.00000046	
5.45762682	0.00697317	0.00300966	0.01213654	-0.00331005	23.39606667	0.28837025	69.33770752	46.84014511	0.00532750	0.00000013	
6.46563292	0.00710469	0.00258310	0.01374569	-0.00509112	9.09211349	0.00000000	49.54700470	41.09651947	0.00616490	0.00000000	
6.44001913	0.00786678	0.00355223	0.01494470	-0.00679371	0.73667920	0.00000000	20.42231178	37.61725616	0.00610527	0.00000000	
6.41408968	0.00715674	0.00264349	0.01458649	-0.01065242	0.00000000	0.00000000	8.76076031	33.29239655	0.00632816	0.00000000	
6.36516428	0.00592154	0.00189412	0.01142607	-0.00358661	0.00000000	0.00000000	14.00416756	45.68761826	0.00550156	0.00000000	
3.68578410	0.00306513	-0.00040492	0.00542951	-0.00375531	23.89200211	2.65166640	68.53459930	44.89939117	0.00415884	0.00000107	
0.00000000	-0.00017513	-0.00376939	0.00000000	-0.00328811	41.19588089	0.80829662	87.05380249	46.71940231	0.00359583	0.00000026	
0.00000000	-0.00009750	-0.00226133	0.00000000	-0.00366601	49.01960373	3.12052488	91.38086700	45.26478958	0.00215268	0.00000059	
0.00000000	-0.00008051	-0.00181379	0.00000000	-0.00356377	44.27890778	2.20713639	88.44893646	45.65207672	0.00171779	0.00000040	
0.00000000	-0.00007133	-0.00170021	0.00000000	-0.00312025	39.61455536	0.51161802	86.53584290	47.44950104	0.00161160	0.00000007	
0.00000000	-0.00012028	-0.00297212	0.00000000	-0.00350939	46.11763382	2.28536272	89.86035156	45.79597473	0.00283990	0.00000056	
1.53178608	0.00293462	-0.00082103	0.00455304	-0.00321022	34.86717987	0.06373268	81.42053223	47.09925079	0.00421667	0.00000002	
5.87055731	0.00693010	0.00326186	0.01257049	-0.00663496	25.44378471	0.00000000	62.64250183	38.47883224	0.00508105	0.00000000	
6.24560881	0.00767048	0.00323172	0.01508860	-0.01269610	0.32547924	0.00000000	15.38002872	32.71262741	0.00619263	0.00000000	
6.22086620	0.00783599	0.00324180	0.01609956	-0.02092932	0.00000000	0.00000000	6.57550287	28.92078018	0.00650901	0.00000000	
6.19581985	0.00689129	0.00270469	0.01410822	-0.02205712	3.42995334	0.00000000	16.82816696	27.56644249	0.00596316	0.00000000	
6.14042139	0.00674755	0.00263883	0.01282271	-0.00498038	0.00000000	0.00000000	11.59205532	41.35394669	0.00569667	0.00000000	
3.50200772	0.00313219	-0.00078691	0.00570137	-0.00466401	30.93873978	0.11205373	72.51684570	42.34748459	0.00464776	0.00000005	
0.00000000	-0.00015312	-0.00323562	0.00000000	-0.00496425	42.15949631	0.42116439	83.63497162	41.08802032	0.00308076	0.00000012	
0.00000000	-0.00008562	-0.00184927	0.00000000	-0.00586907	47.98250198	0.46521810	86.30345154	38.94235992	0.00175007	0.00000011	
0.00000000	-0.00006962	-0.00165036	0.00000000	-0.00411605	44.28552628	0.82500082	87.17922211	43.71867371	0.00156397	0.00000012	
0.00000000	-0.00008142	-0.00188235	0.00000000	-0.00369746	41.90387726	1.12196076	87.51569366	45.16890717	0.00178401	0.00000020	
0.00000000	-0.00009578	-0.00245825	0.00000000	-0.00342873	52.13861847	4.77557707	93.20210266	46.10533524	0.00234730	0.00000087	
0.57877457	0.00139644	-0.00205212	0.00226077	-0.00346584	52.05779648	4.45493746	93.97864532	46.05409241	0.00366229	0.00000145	
5.60542583	0.00659126	0.00266143	0.01207061	-0.00877856	49.94155884	2.09900165	82.32220459	35.01080704	0.00532108	0.00000121	
6.64072990	0.00741580	0.00367555	0.01463428	-0.03057521	12.31453419	0.00000000	29.68928146	24.32619667	0.00550350	0.00000000	
6.61442184	0.00743524	0.00233348	0.01613431	-0.00818898	0.00000000	0.00000000	6.21381092	35.34289932	0.00700048	0.00000000	
6.58779001	0.00733283	0.00210993	0.01465021	-0.00450954	0.00000000	0.00000000	10.81672764	43.46098328	0.00710177	0.00000000	
6.53753948	0.00534400	0.00070460	0.01111399	-0.00366927	36.72237778	2.63990521	75.37699890	45.25379944	0.00616511	0.00000152	
3.78559947	0.00283413	-0.00105705	0.00535234	-0.00385987	46.84362411	2.45027709	88.81687164	44.50585556	0.00460217	0.00000090	
0.00000000	-0.00018209	-0.00342323	0.00000000	-0.00382537	47.20056534	2.76292300	89.85613251	44.65097809	0.00324175	0.00000085	
0.00000000	-0.00012143	-0.00307216	0.00000000	-0.00334207	47.62540054	3.04275846	91.04295349	46.44337082	0.00294521	0.00000079	
