0.00000000	-0.00005366	-0.00101341	0.00000000	0.00095028	
0.00000000	-0.00004851	-0.00088523	0.00000000	0.00082687	
0.00000000	-0.00003471	-0.00083170	0.00000000	0.00078701	
0.00000000	-0.00003400	-0.00081311	0.00000000	0.00076895	
0.00000000	-0.00004252	-0.00080824	0.00000000	0.00075555	
0.00000000	-0.00005760	-0.00082282	0.00000000	0.00075503	
0.00000000	-0.00007280	-0.00088532	0.00000000	0.00080297	
0.00000000	-0.00010717	-0.00111709	0.00000000	0.00100225	
0.00000000	-0.00011764	-0.00138658	0.00000000	0.00126246	
0.00000000	-0.00007048	-0.00134062	0.00000000	0.00126222	
0.00000000	-0.00006226	-0.00116603	0.00000000	0.00109509	
0.00000000	-0.00007407	-0.00114511	0.00000000	0.00106235	
0.00000000	-0.00005679	-0.00111045	0.00000000	0.00104526	
0.00000000	-0.00005295	-0.00110349	0.00000000	0.00104175	
0.00000000	-0.00005055	-0.00107218	0.00000000	0.00101287	
0.00000000	-0.00004550	-0.00107076	0.00000000	0.00101647	
0.00000000	-0.00004600	-0.00106518	0.00000000	0.00101032	
0.00000000	-0.00005016	-0.00106628	0.00000000	0.00100728	
0.00000000	-0.00004511	-0.00106156	0.00000000	0.00100755	
0.00000000	-0.00003573	-0.00106042	0.00000000	0.00101591	
0.00000000	-0.00002819	-0.00107681	0.00000000	0.00103981	
0.00000000	-0.00003119	-0.00108768	0.00000000	0.00104755	
0.00000000	-0.00004473	-0.00104047	0.00000000	0.00098616	
0.00000000	-0.00003701	-0.00096964	0.00000000	0.00092297	
0.00000000	-0.00003547	-0.00096330	0.00000000	0.00091819	
0.00000000	-0.00003401	-0.00096492	0.00000000	0.00092128	
0.00000000	-0.00003688	-0.00101403	0.00000000	0.00096808	
0.00000000	-0.00004155	-0.00103732	0.00000000	0.00098598	
0.00000000	-0.00004818	-0.00098654	0.00000000	0.00092866	
0.00000000	-0.00005432	-0.00100204	0.00000000	0.00093798	
0.00000000	-0.00003839	-0.00098207	0.00000000	0.00093382	
0.00000000	-0.00004004	-0.00096362	0.00000000	0.00091379	
0.00000000	-0.00004830	-0.00098358	0.00000000	0.00092537	
0.00000000	-0.00004240	-0.00098896	0.00000000	0.00093692	
0.00000000	-0.00004903	-0.00101738	0.00000000	0.00095865	
0.00000000	-0.00005514	-0.00101070	0.00000000	0.00094565	
0.00000000	-0.00007495	-0.00092633	0.00000000	0.00084035	
0.00000000	-0.00007861	-0.00081729	0.00000000	0.00072754	
0.00000000	-0.00004870	-0.00077501	0.00000000	0.00071520	
0.00000000	-0.00004570	-0.00076905	0.00000000	0.00071229	
0.00000000	-0.00004900	-0.00076347	0.00000000	0.00070312	
0.00000000	-0.00002845	-0.00072734	0.00000000	0.00068758	
0.00000000	-0.00002392	-0.00073933	0.00000000	0.00070428	
0.00000000	-0.00003045	-0.00076263	0.00000000	0.00072100	
0.00000000	-0.00003686	-0.00075350	0.00000000	0.00070526	
0.00000000	-0.00003857	-0.00075272	0.00000000	0.00070289	
0.00000000	-0.00003561	-0.00076425	0.00000000	0.00071723	
0.00000000	-0.00003598	-0.00079951	0.00000000	0.00075257	
0.00000000	-0.00005683	-0.00085930	0.00000000	0.00079144	
0.00000000	-0.00004955	-0.00082655	0.00000000	0.00076563	
0.00000000	-0.00003296	-0.00077906	0.00000000	0.00073480	
0.00000000	-0.00002871	-0.00078298	0.00000000	0.00074304	
0.00000000	-0.00002983	-0.00079343	0.00000000	0.00075236	
0.00000000	-0.00003521	-0.00080038	0.00000000	0.00075390	
0.00000000	-0.00003616	-0.00080306	0.00000000	0.00075561	
0.00000000	-0.00003942	-0.00080912	0.00000000	0.00075840	
0.00000000	-0.00004114	-0.00081878	0.00000000	0.00076632	
0.00000000	-0.00004149	-0.00081059	0.00000000	0.00075759	
0.00000000	-0.00003000	-0.00077771	0.00000000	0.00073619	
0.00000000	-0.00003263	-0.00078285	0.00000000	0.00073875	
0.00000000	-0.00003878	-0.00079647	0.00000000	0.00074619	
0.00000000	-0.00004163	-0.00079535	0.00000000	0.00074210	
0.00000000	-0.00007133	-0.00083639	0.00000000	0.00075371	
0.00000000	-0.00005609	-0.00082430	0.00000000	0.00075659	
0.00000000	-0.00004463	-0.00076796	0.00000000	0.00071167	
0.00000000	-0.00004893	-0.00076251	0.00000000	0.00070187	
0.00000000	-0.00005044	-0.00077818	0.00000000	0.00071606	
0.00000000	-0.00003793	-0.00076614	0.00000000	0.00071648	
0.00000000	-0.00003507	-0.00075159	0.00000000	0.00070474	
0.00000000	-0.00004475	-0.00077230	0.00000000	0.00071583	
0.00000000	-0.00005151	-0.00079007	0.00000000	0.00072680	
0.00000000	-0.00004315	-0.00078516	0.00000000	0.00073027	
0.00000000	-0.00005562	-0.00079960	0.00000000	0.00073222	
0.00000000	-0.00007262	-0.00081927	0.00000000	0.00073493	
0.00000000	-0.00005802	-0.00087916	0.00000000	0.00081020	
0.00000000	-0.00004497	-0.00101585	0.00000000	0.00096070	
0.00000000	-0.00004730	-0.00106908	0.00000000	0.00101122	
0.00000000	-0.00005302	-0.00107591	0.00000000	0.00101270	
0.00000000	-0.00006436	-0.00115742	0.00000000	0.00108309	
0.00000000	-0.00004485	-0.00122842	0.00000000	0.00117437	
0.00000000	-0.00004697	-0.00127328	0.00000000	0.00121661	
0.00000000	-0.00004196	-0.00119060	0.00000000	0.00113867	
0.00000000	-0.00004249	-0.00110040	0.00000000	0.00104732	
0.00000000	-0.00004300	-0.00103573	0.00000000	0.00098210	
0.00000000	-0.00004868	-0.00106076	0.00000000	0.00100163	
0.00000000	-0.00006286	-0.00121485	0.00000000	0.00114269	
0.00000000	-0.00005428	-0.00133314	0.00000000	0.00126945	
0.00000000	-0.00004792	-0.00132067	0.00000000	0.00126338	
0.00000000	-0.00004529	-0.00127810	0.00000000	0.00122302	
0.00000000	-0.00004885	-0.00124732	0.00000000	0.00118879	
0.00000000	-0.00006974	-0.00135430	0.00000000	0.00127551	
0.00000000	-0.00008063	-0.00158336	0.00000000	0.00149494	
0.00000000	-0.00005013	-0.00169454	0.00000000	0.00163640	
0.00000000	-0.00005167	-0.00161501	0.00000000	0.00155471	
0.00000000	-0.00006408	-0.00157226	0.00000000	0.00149956	
0.00000000	-0.00006762	-0.00159634	0.00000000	0.00152067	
0.00000000	-0.00007336	-0.00169831	0.00000000	0.00161718	
0.00000000	-0.00006253	-0.00173048	0.00000000	0.00166027	
0.00000000	-0.00007551	-0.00177070	0.00000000	0.00168756	
0.00000000	-0.00008004	-0.00190582	0.00000000	0.00181911	
0.00000000	-0.00009333	-0.00213677	0.00000000	0.00203760	
0.00000000	-0.00010754	-0.00238629	0.00000000	0.00227419	
0.00000000	-0.00008215	-0.00256585	0.00000000	0.00247980	
0.00000000	-0.00005619	-0.00247897	0.00000000	0.00241764	
0.00000000	-0.00005378	-0.00216539	0.00000000	0.00210500	
0.00000000	-0.00006405	-0.00197746	0.00000000	0.00190664	
0.00000000	-0.00007888	-0.00207100	0.00000000	0.00198581	
0.00000000	-0.00010964	-0.00220012	0.00000000	0.00208442	
0.00000000	-0.00013135	-0.00241889	0.00000000	0.00228313	
0.00000000	-0.00013408	-0.00271077	0.00000000	0.00257315	
0.00000000	-0.00009702	-0.00286918	0.00000000	0.00276955	
0.00000000	-0.00011010	-0.00290170	0.00000000	0.00278904	
0.00000000	-0.00010855	-0.00298541	0.00000000	0.00287491	
0.17459701	0.00079236	-0.00211895	0.00122285	0.00301026	
0.34443036	0.00160318	-0.00131251	0.00236270	0.00312650	
0.50950187	0.00238049	-0.00048891	0.00349918	0.00318619	
0.66981345	0.00273445	-0.00026203	0.00409573	0.00337897	
0.82536691	0.00288183	-0.00018162	0.00420634	0.00348296	
0.97616410	0.00148048	-0.00153328	0.00230415	0.00327564	
1.12220693	0.00289975	0.00041881	0.00420381	0.00291145	
1.26349711	0.00284699	0.00053098	0.00416092	0.00274903	
1.40003657	0.00309055	0.00101252	0.00456446	0.00254224	
1.53182721	0.00334187	0.00140244	0.00524256	0.00244865	
1.65887070	0.00321105	0.00089150	0.00506045	0.00285312	
1.78116918	0.00356751	0.00115125	0.00536801	0.00299717	
1.89872420	0.00387049	0.00164373	0.00596063	0.00285112	
2.01153779	0.00377558	0.00151666	0.00604007	0.00289064	
2.11961174	0.00400304	0.00162932	0.00669603	0.00305402	
2.22294784	0.00344455	0.00074123	0.00563980	0.00334901	
2.32154799	0.00294321	0.00012240	0.00475489	0.00340109	
2.41541409	0.00417356	0.00193323	0.00653872	0.00295317	
2.50454783	0.00356185	0.00138751	0.00557268	0.00281525	
2.58895135	0.00302688	0.00096372	0.00474096	0.00262594	
2.66862607	0.00386784	0.00219541	0.00640863	0.00234968	
2.74357414	0.00359535	0.00167954	0.00617865	0.00258853	
2.81379724	0.00399329	0.00188928	0.00677261	0.00285121	
2.87929749	0.00226312	-0.00024982	0.00397588	0.00305706	
2.94007635	0.00371054	0.00172332	0.00616825	0.00267815	
2.99613595	0.00349343	0.00157811	0.00571288	0.00258656	
3.04747772	0.00363997	0.00182244	0.00581347	0.00249846	
3.09410405	0.00318746	0.00141246	0.00526694	0.00239359	
3.13601661	0.00357608	0.00200529	0.00586704	0.00223535	
3.17321682	0.00359753	0.00205127	0.00586213	0.00221849	
3.20570707	0.00381885	0.00225038	0.00639646	0.00228547	
3.23348904	0.00413193	0.00248457	0.00696156	0.00240757	
3.25656438	0.00414561	0.00236555	0.00728023	0.00256891	
3.27493501	0.00412174	0.00210984	0.00795798	0.00282691	
3.28860283	0.00398831	0.00169556	0.00728335	0.00312626	
3.29756951	0.00471870	0.00255542	0.00770308	0.00306119	
3.30183721	0.00470588	0.00277736	0.00803593	0.00279950	
3.30140758	0.00423863	0.00231602	0.00774065	0.00274623	
3.30097795	0.00395014	0.00180147	0.00781842	0.00297091	
3.30054832	0.00435724	0.00207367	0.00779655	0.00317495	
3.30011892	0.00469623	0.00246945	0.00834651	0.00314231	
3.29968929	0.00426838	0.00201825	0.00811991	0.00312056	
3.29925990	0.00251456	-0.00024125	0.00548055	0.00345083	
3.29883051	0.00409975	0.00150489	0.00830035	0.00350004	
3.29840136	0.00433854	0.00152234	0.00926103	0.00379317	
3.29797196	0.00447833	0.00142359	0.00980290	0.00407793	
3.29754281	0.00445486	0.00122732	0.00958788	0.00426970	
3.29711366	0.00462564	0.00131458	0.00995337	0.00439100	
3.29668474	0.00453763	0.00115706	0.00911840	0.00444680	
3.29625559	0.00513845	0.00201299	0.00950604	0.00423276	
3.29582667	0.00490371	0.00190673	0.00952650	0.00406051	
3.29539776	0.00450485	0.00147095	0.00927097	0.00406014	
3.29496884	0.00351405	0.00018600	0.00707483	0.00425769	
3.29454017	0.00498414	0.00200768	0.00922874	0.00406013	
3.29411149	0.00459222	0.00167544	0.00848645	0.00393581	
3.29368281	0.00446764	0.00174820	0.00774293	0.00368573	
3.29325414	0.00403290	0.00146307	0.00694682	0.00345858	
3.29282546	0.00442166	0.00216562	0.00756451	0.00315696	
3.29239702	0.00437176	0.00220858	0.00802961	0.00306551	
3.29196858	0.00435128	0.00206453	0.00831639	0.00321265	
3.29154015	0.00446218	0.00199131	0.00837580	0.00344114	
3.29111171	0.00461587	0.00207147	0.00833105	0.00353289	
3.29068351	0.00457890	0.00210579	0.00825040	0.00344023	
3.29025531	0.00446628	0.00206271	0.00837923	0.00335914	
3.28982711	0.00391687	0.00127589	0.00801674	0.00357028	
3.28939891	0.00393626	0.00110468	0.00797558	0.00378579	
3.28897095	0.00427261	0.00140876	0.00861274	0.00387280	
3.28854275	0.00422243	0.00130612	0.00827462	0.00392408	
3.28811479	0.00460696	0.00181892	0.00852064	0.00383159	
3.28768706	0.00436032	0.00164806	0.00785016	0.00370443	
3.28725910	0.00481799	0.00239155	0.00885630	0.00344774	
3.28683138	0.00371924	0.00113328	0.00748638	0.00348677	
3.28640366	0.00353960	0.00088158	0.00708684	0.00354734	
3.28597593	0.00390827	0.00129273	0.00752162	0.00355264	
3.28554821	0.00425948	0.00165959	0.00834452	0.00358753	
3.28512073	0.00394664	0.00112157	0.00802098	0.00380509	
3.28469324	0.00454873	0.00170127	0.00916666	0.00391352	
3.28426576	0.00345733	0.00027995	0.00718970	0.00413434	
3.28383827	0.00494764	0.00213463	0.00904021	0.00391971	
3.28341103	0.00471162	0.00201017	0.00896180	0.00375892	
3.28298378	0.00451496	0.00182829	0.00920338	0.00373015	
3.28255653	0.00413682	0.00116488	0.00825718	0.00402524	
3.28212929	0.00490858	0.00202461	0.00903313	0.00400153	
3.28170228	0.00492398	0.00227111	0.00920009	0.00373753	
3.28127503	0.00458494	0.00199722	0.00911685	0.00363552	
3.28084803	0.00425160	0.00153021	0.00898861	0.00375937	
3.28042126	0.00422162	0.00135654	0.00913496	0.00392605	
3.27999425	0.00448962	0.00155668	0.00933249	0.00403591	
3.27956748	0.00437826	0.00139088	0.00915786	0.00407374	
3.27914071	0.00445073	0.00152856	0.00890157	0.00401878	
3.27871394	0.00444762	0.00155117	0.00892186	0.00399577	
3.27828717	0.00304953	-0.00005975	0.00632421	0.00402579	
3.27786064	0.00446785	0.00188817	0.00821904	0.00361508	
3.27743411	0.00461099	0.00227125	0.00867975	0.00337288	
3.27700758	0.00422432	0.00182521	0.00842498	0.00340645	
3.27658105	0.00431558	0.00179964	0.00829121	0.00356277	
3.27615476	0.00454918	0.00205042	0.00883303	0.00355262	
3.27572823	0.00432731	0.00182026	0.00870583	0.00354797	
3.27530193	0.00403764	0.00144752	0.00831225	0.00360088	
3.27487588	0.00431449	0.00174074	0.00859787	0.00363717	
3.27444959	0.00446213	0.00189351	0.00880637	0.00364523	
3.27402353	0.00429156	0.00171774	0.00834837	0.00363161	
3.27359748	0.00437029	0.00189233	0.00817554	0.00352304	
3.27317142	0.00439534	0.00203274	0.00848274	0.00339932	
3.27274537	0.00287094	0.00020405	0.00639258	0.00353896	
3.27231956	0.00432075	0.00188791	0.00851877	0.00349429	
3.27189374	0.00420894	0.00176151	0.00801637	0.00347265	
3.27146792	0.00437118	0.00211684	0.00787241	0.00326693	
3.27104211	0.00438638	0.00229848	0.00798868	0.00307841	
3.27061653	0.00415558	0.00209049	0.00775633	0.00302786	
3.27019095	0.00388790	0.00177603	0.00716339	0.00303263	
3.26976538	0.00405013	0.00198897	0.00747637	0.00299788	
3.26933980	0.00403346	0.00196399	0.00777068	0.00300661	
3.26891422	0.00381230	0.00163816	0.00741474	0.00310245	
3.26848888	0.00413918	0.00200353	0.00768169	0.00309589	
3.26806355	0.00419565	0.00212201	0.00783272	0.00303072	
3.26763821	0.00410433	0.00204474	0.00787804	0.00300767	
3.26721311	0.00407295	0.00197797	0.00819030	0.00305269	
3.26678777	0.00393467	0.00176156	0.00732261	0.00312263	
3.26636267	0.00435673	0.00233757	0.00785732	0.00298858	
3.26593757	0.00410946	0.00214953	0.00791802	0.00289385	
3.26551270	0.00370799	0.00141013	0.00768585	0.00321393	
3.26508760	0.00418649	0.00167459	0.00822075	0.00349110	
3.26466274	0.00410970	0.00154481	0.00853632	0.00354380	
3.26423788	0.00421921	0.00159022	0.00797904	0.00363818	
3.26381302	0.00445936	0.00186415	0.00815731	0.00359754	
3.26338840	0.00425797	0.00176163	0.00794554	0.00345371	
3.26296377	0.00223111	-0.00057930	0.00480187	0.00352787	
3.26253915	0.00290522	0.00027693	0.00593003	0.00342263	
3.26211452	0.00368754	0.00115748	0.00716458	0.00343808	
3.26168990	0.00434331	0.00191277	0.00806903	0.00340570	
3.26126552	0.00430626	0.00192837	0.00794235	0.00334424	
3.26084113	0.00419398	0.00183752	0.00811259	0.00330629	
3.26041675	0.00403276	0.00162662	0.00809030	0.00335102	
3.25999236	0.00396933	0.00148299	0.00816450	0.00343591	
3.25956821	0.00390898	0.00131467	0.00839422	0.00355984	
3.25914407	0.00231942	-0.00067999	0.00513912	0.00379048	
3.25871992	0.00420912	0.00167915	0.00777127	0.00351064	
3.25829577	0.00422967	0.00187496	0.00789561	0.00331475	
3.25787187	0.00241513	-0.00024362	0.00490889	0.00340892	
3.25744772	0.00421321	0.00201434	0.00731259	0.00311892	
3.25702381	0.00371214	0.00155131	0.00673650	0.00301033	
3.25660014	0.00175125	-0.00083727	0.00449819	0.00324214	
3.25617623	0.00293747	0.00032642	0.00638632	0.00343897	
3.25575256	0.00370629	0.00099661	0.00782048	0.00366283	
3.25532889	0.00379076	0.00097494	0.00699297	0.00377882	
3.25490522	0.00369734	0.00107841	0.00655749	0.00350426	
3.25448155	0.00421878	0.00205237	0.00739696	0.00307147	
3.25405812	0.00387605	0.00177406	0.00673903	0.00296745	
3.25363469	0.00392378	0.00191360	0.00677122	0.00285861	
3.25321126	0.00377225	0.00183608	0.00666021	0.00276020	
3.25278783	0.00370067	0.00176274	0.00675841	0.00275817	
3.25236464	0.00302623	0.00092255	0.00553083	0.00285244	
3.25194120	0.00378411	0.00187010	0.00662382	0.00273557	
3.24701405	0.00375594	0.00190654	0.00672112	0.00266274	
3.23758054	0.00350581	0.00161426	0.00631482	0.00267887	
3.22363901	0.00201775	-0.00019186	0.00428175	0.00282737	
3.20518637	0.00241527	0.00019468	0.00519711	0.00290729	
3.18222070	0.00281846	0.00048544	0.00566754	0.00309512	
3.15473866	0.00318448	0.00083925	0.00586131	0.00313901	
3.12273765	0.00286688	0.00061412	0.00528850	0.00296627	
3.08621407	0.00260219	0.00049882	0.00474033	0.00276306	
3.04516459	0.00269659	0.00077034	0.00472441	0.00256672	
2.99958539	0.00238710	0.00055730	0.00426784	0.00241061	
2.94947219	0.00251105	0.00084361	0.00440429	0.00223952	
2.89482045	0.00268350	0.00109197	0.00473683	0.00218432	
2.83562493	0.00255261	0.00090842	0.00439371	0.00221466	
2.77188063	0.00259664	0.00101910	0.00442223	0.00212720	
2.70358133	0.00220046	0.00058898	0.00399802	0.00211083	
2.63072014	0.00229668	0.00054454	0.00436455	0.00229033	
2.55328989	0.00243328	0.00054311	0.00439633	0.00243543	
2.47128224	0.00240282	0.00053779	0.00429523	0.00238844	
2.38468790	0.00229585	0.00043372	0.00424519	0.00236565	
2.29349685	0.00215728	0.00021904	0.00415012	0.00242157	
2.19769692	0.00213682	0.00012742	0.00412375	0.00248497	
2.09727526	0.00201140	-0.00019194	0.00394522	0.00267657	
1.99221623	0.00159447	-0.00088280	0.00312400	0.00289640	
1.88250232	0.00172889	-0.00061133	0.00292675	0.00273474	
1.76811302	0.00170776	-0.00032051	0.00276250	0.00238348	
1.64902401	0.00170640	-0.00010094	0.00273459	0.00214227	
1.52520645	0.00182210	0.00017343	0.00291081	0.00197581	
1.39662516	0.00161605	-0.00003028	0.00257006	0.00194216	
1.26323700	0.00159058	-0.00008418	0.00246376	0.00195502	
1.12498748	0.00164863	0.00003841	0.00252712	0.00188112	
0.98180634	0.00163558	0.00006650	0.00254819	0.00182690	
0.83359897	0.00051565	-0.00117063	0.00102407	0.00181078	
0.68023306	0.00167598	-0.00003775	0.00250697	0.00195568	
0.52151084	0.00067473	-0.00105547	0.00109768	0.00184574	
0.35710806	0.00027176	-0.00144078	0.00050444	0.00176590	
0.18640706	-0.00010945	-0.00167291	0.00000000	0.00157441	
0.00000000	-0.00007782	-0.00149527	0.00000000	0.00141437	
0.00000000	-0.00011307	-0.00150747	0.00000000	0.00139161	
0.00000000	-0.00011666	-0.00165273	0.00000000	0.00153522	
0.00000000	-0.00009128	-0.00178086	0.00000000	0.00168911	
0.00000000	-0.00011485	-0.00184687	0.00000000	0.00173165	
0.00000000	-0.00011899	-0.00190904	0.00000000	0.00179031	
0.00000000	-0.00013621	-0.00205243	0.00000000	0.00191768	
0.00000000	-0.00014856	-0.00222362	0.00000000	0.00207764	
0.00000000	-0.00015381	-0.00235491	0.00000000	0.00220433	
0.00000000	-0.00010376	-0.00234564	0.00000000	0.00224479	
0.00000000	-0.00008355	-0.00218298	0.00000000	0.00209997	
0.00000000	-0.00007077	-0.00192680	0.00000000	0.00185479	
0.00000000	-0.00006949	-0.00175538	0.00000000	0.00168351	
0.00000000	-0.00008115	-0.00169448	0.00000000	0.00161070	
0.00000000	-0.00009036	-0.00173789	0.00000000	0.00164520	
0.00000000	-0.00010636	-0.00187001	0.00000000	0.00176228	
0.00000000	-0.00009486	-0.00201369	0.00000000	0.00191855	
0.00000000	-0.00007148	-0.00197698	0.00000000	0.00190372	
0.00000000	-0.00005885	-0.00174972	0.00000000	0.00168739	
0.00000000	-0.00004900	-0.00150194	0.00000000	0.00144764	
0.00000000	-0.00004971	-0.00129605	0.00000000	0.00123984	
0.00000000	-0.00005892	-0.00122896	0.00000000	0.00116363	
0.00000000	-0.00004668	-0.00120509	0.00000000	0.00115166	
0.00000000	-0.00004612	-0.00115449	0.00000000	0.00110114	
0.00000000	-0.00005024	-0.00110333	0.00000000	0.00104537	
0.00000000	-0.00005048	-0.00105949	0.00000000	0.00100091	
0.00000000	-0.00006132	-0.00106265	0.00000000	0.00099339	
0.00000000	-0.00005776	-0.00107954	0.00000000	0.00101398	
0.00000000	-0.00006015	-0.00108165	0.00000000	0.00101354	
0.00000000	-0.00006201	-0.00108223	0.00000000	0.00101238	
0.00000000	-0.00005805	-0.00107729	0.00000000	0.00101119	
0.00000000	-0.00006036	-0.00105223	0.00000000	0.00098355	
0.00000000	-0.00006433	-0.00106311	0.00000000	0.00099072	
0.00000000	-0.00005060	-0.00108299	0.00000000	0.00102440	
0.00000000	-0.00005710	-0.00105965	0.00000000	0.00099398	
0.00000000	-0.00006007	-0.00104747	0.00000000	0.00097925	
0.00000000	-0.00004134	-0.00102885	0.00000000	0.00097888	
0.00000000	-0.00004069	-0.00095424	0.00000000	0.00090435	
0.00000000	-0.00003703	-0.00089100	0.00000000	0.00084436	
0.00000000	-0.00004001	-0.00086453	0.00000000	0.00081478	
0.00000000	-0.00006777	-0.00087369	0.00000000	0.00079604	
0.00000000	-0.00007207	-0.00094578	0.00000000	0.00086490	
0.00000000	-0.00005394	-0.00104690	0.00000000	0.00098458	
0.00000000	-0.00004685	-0.00105190	0.00000000	0.00099631	
0.00000000	-0.00004350	-0.00097479	0.00000000	0.00092188	
0.00000000	-0.00006404	-0.00092262	0.00000000	0.00084884	
0.00000000	-0.00007346	-0.00095702	0.00000000	0.00087453	
0.00000000	-0.00005084	-0.00099709	0.00000000	0.00093761	
0.00000000	-0.00005607	-0.00101311	0.00000000	0.00094813	
0.00000000	-0.00005441	-0.00100228	0.00000000	0.00093908	
0.00000000	-0.00005316	-0.00098650	0.00000000	0.00092419	
0.00000000	-0.00004092	-0.00089807	0.00000000	0.00084752	
0.00000000	-0.00003534	-0.00085411	0.00000000	0.00080887	
0.00000000	-0.00002880	-0.00082064	0.00000000	0.00078165	
0.00000000	-0.00003822	-0.00079726	0.00000000	0.00074860	
0.00000000	-0.00006393	-0.00079694	0.00000000	0.00072242	
0.00000000	-0.00004247	-0.00075849	0.00000000	0.00070532	
0.00000000	-0.00004733	-0.00076926	0.00000000	0.00071146	
0.00000000	-0.00006461	-0.00080187	0.00000000	0.00072670	
0.00000000	-0.00006991	-0.00079814	0.00000000	0.00071758	
0.00000000	-0.00005736	-0.00077409	0.00000000	0.00070603	
0.00000000	-0.00005284	-0.00076164	0.00000000	0.00069807	
0.00000000	-0.00003959	-0.00074606	0.00000000	0.00069575	
0.00000000	-0.00003624	-0.00074833	0.00000000	0.00070136	
0.00000000	-0.00004837	-0.00074823	0.00000000	0.00068890	
0.00000000	-0.00004035	-0.00073220	0.00000000	0.00068098	
0.00000000	-0.00004390	-0.00073540	0.00000000	0.00068049	
0.00000000	-0.00004882	-0.00073588	0.00000000	0.00067609	
0.00000000	-0.00004376	-0.00073541	0.00000000	0.00068067	
0.00000000	-0.00004636	-0.00073493	0.00000000	0.00067755	
0.00000000	-0.00003871	-0.00073037	0.00000000	0.00068069	
0.00000000	-0.00003798	-0.00072726	0.00000000	0.00067822	
0.00000000	-0.00004007	-0.00071518	0.00000000	0.00066392	
0.00000000	-0.00003668	-0.00070709	0.00000000	0.00065926	
0.00000000	-0.00003877	-0.00071300	0.00000000	0.00066307	
0.00000000	-0.00003388	-0.00070051	0.00000000	0.00065532	
0.00000000	-0.00002706	-0.00067162	0.00000000	0.00063306	
0.00000000	-0.00002401	-0.00064732	0.00000000	0.00061168	
0.00000000	-0.00002124	-0.00065212	0.00000000	0.00061943	
0.00000000	-0.00002410	-0.00067490	0.00000000	0.00063935	
0.00000000	-0.00003418	-0.00067859	0.00000000	0.00063278	
0.00000000	-0.00002979	-0.00067175	0.00000000	0.00063044	
0.00000000	-0.00002958	-0.00067231	0.00000000	0.00063107	
0.00000000	-0.00002935	-0.00069117	0.00000000	0.00065038	
0.00000000	-0.00004439	-0.00073886	0.00000000	0.00068291	
0.00000000	-0.00005701	-0.00073969	0.00000000	0.00067101	
0.00000000	-0.00003150	-0.00071470	0.00000000	0.00067159	
0.00000000	-0.00002704	-0.00071028	0.00000000	0.00067157	
0.00000000	-0.00003165	-0.00070726	0.00000000	0.00066385	
0.00000000	-0.00003484	-0.00069878	0.00000000	0.00065211	
0.00000000	-0.00003743	-0.00069829	0.00000000	0.00064902	
0.00000000	-0.00003514	-0.00069382	0.00000000	0.00064678	
0.00000000	-0.00003307	-0.00068734	0.00000000	0.00064235	
0.00000000	-0.00003186	-0.00070455	0.00000000	0.00066100	
0.00000000	-0.00005667	-0.00074529	0.00000000	0.00067685	
0.00000000	-0.00004378	-0.00072427	0.00000000	0.00066867	
0.00000000	-0.00003627	-0.00070133	0.00000000	0.00065309	
0.00000000	-0.00002629	-0.00068762	0.00000000	0.00064942	
0.00000000	-0.00002461	-0.00069492	0.00000000	0.00065841	
0.00000000	-0.00003831	-0.00071088	0.00000000	0.00066065	
0.00000000	-0.00005842	-0.00071926	0.00000000	0.00064877	
0.00000000	-0.00005560	-0.00071242	0.00000000	0.00064486	
0.00000000	-0.00005041	-0.00072814	0.00000000	0.00066587	
0.00000000	-0.00006318	-0.00075653	0.00000000	0.00068141	
0.00000000	-0.00008284	-0.00078654	0.00000000	0.00069184	
0.00000000	-0.00005337	-0.00076175	0.00000000	0.00069649	
0.00000000	-0.00004536	-0.00074951	0.00000000	0.00069224	
0.00000000	-0.00003813	-0.00073477	0.00000000	0.00068464	
0.00000000	-0.00003922	-0.00072994	0.00000000	0.00067873	
0.00000000	-0.00003521	-0.00072630	0.00000000	0.00067907	
0.00000000	-0.00003800	-0.00074205	0.00000000	0.00069218	
0.00000000	-0.00004622	-0.00077112	0.00000000	0.00071294	
0.00000000	-0.00003560	-0.00078699	0.00000000	0.00073947	
0.00000000	-0.00003025	-0.00076790	0.00000000	0.00072566	
0.00000000	-0.00003809	-0.00076463	0.00000000	0.00071453	
0.00000000	-0.00003519	-0.00075559	0.00000000	0.00070831	
0.00000000	-0.00002825	-0.00073617	0.00000000	0.00069574	
0.00000000	-0.00003066	-0.00073148	0.00000000	0.00068864	
0.00000000	-0.00004325	-0.00075302	0.00000000	0.00069767	
0.00000000	-0.00006593	-0.00078688	0.00000000	0.00070886	
0.00000000	-0.00005378	-0.00077476	0.00000000	0.00070880	
0.00000000	-0.00003844	-0.00075294	0.00000000	0.00070229	
0.00000000	-0.00003652	-0.00073968	0.00000000	0.00069082	
0.00000000	-0.00002489	-0.00072229	0.00000000	0.00068511	
0.00000000	-0.00002690	-0.00072940	0.00000000	0.00069020	
0.00000000	-0.00003275	-0.00073791	0.00000000	0.00069289	
0.00000000	-0.00004657	-0.00076400	0.00000000	0.00070525	
0.00000000	-0.00009596	-0.00081901	0.00000000	0.00071081	
0.00000000	-0.00011655	-0.00086112	0.00000000	0.00073243	
0.00000000	-0.00007657	-0.00086937	0.00000000	0.00078106	
0.00000000	-0.00005766	-0.00090186	0.00000000	0.00083272	
0.00000000	-0.00005448	-0.00099145	0.00000000	0.00092609	
0.00000000	-0.00006281	-0.00106680	0.00000000	0.00099303	
0.00000000	-0.00003884	-0.00101022	0.00000000	0.00096008	
0.00000000	-0.00004340	-0.00101101	0.00000000	0.00095664	
0.00000000	-0.00005541	-0.00112393	0.00000000	0.00105823	
0.00000000	-0.00006638	-0.00125297	0.00000000	0.00117669	
0.00000000	-0.00006426	-0.00132280	0.00000000	0.00124880	
0.00000000	-0.00006548	-0.00138393	0.00000000	0.00130904	
0.00000000	-0.00009172	-0.00152178	0.00000000	0.00142139	
0.00000000	-0.00005618	-0.00146915	0.00000000	0.00140327	
0.00000000	-0.00004198	-0.00127194	0.00000000	0.00121959	
0.00000000	-0.00004383	-0.00122706	0.00000000	0.00117290	
0.00000000	-0.00005261	-0.00125244	0.00000000	0.00118955	
0.00000000	-0.00004217	-0.00123430	0.00000000	0.00118164	
0.00000000	-0.00004415	-0.00122683	0.00000000	0.00117233	
0.00000000	-0.00005759	-0.00128445	0.00000000	0.00121675	
0.00000000	-0.00005038	-0.00135912	0.00000000	0.00129913	
0.00000000	-0.00006761	-0.00149017	0.00000000	0.00141381	
0.00000000	-0.00007227	-0.00164002	0.00000000	0.00155935	
0.00000000	-0.00005707	-0.00159653	0.00000000	0.00153033	
0.00000000	-0.00004609	-0.00150274	0.00000000	0.00144758	
0.00000000	-0.00006599	-0.00158237	0.00000000	0.00150778	
0.00000000	-0.00006357	-0.00172820	0.00000000	0.00165685	
0.00000000	-0.00008745	-0.00200142	0.00000000	0.00190758	
0.00000000	-0.00007108	-0.00207241	0.00000000	0.00199401	
0.00000000	-0.00005708	-0.00194668	0.00000000	0.00188226	
0.00000000	-0.00007705	-0.00204838	0.00000000	0.00196449	
0.00000000	-0.00005593	-0.00196013	0.00000000	0.00189600	
0.00000000	-0.00004494	-0.00173512	0.00000000	0.00168157	
0.00000000	-0.00005283	-0.00169187	0.00000000	0.00163051	
0.00000000	-0.00006365	-0.00173168	0.00000000	0.00165970	
0.00000000	-0.00005903	-0.00178341	0.00000000	0.00171638	
0.00000000	-0.00005615	-0.00181023	0.00000000	0.00174598	
0.00000000	-0.00004932	-0.00175136	0.00000000	0.00169359	
0.00000000	-0.00005544	-0.00174379	0.00000000	0.00167985	
0.00000000	-0.00005698	-0.00174431	0.00000000	0.00167879	
0.00000000	-0.00004902	-0.00172484	0.00000000	0.00166747	
0.00000000	-0.00006971	-0.00189181	0.00000000	0.00181480	
0.00000000	-0.00008399	-0.00216856	0.00000000	0.00207829	
0.00000000	-0.00010815	-0.00240131	0.00000000	0.00228771	
0.00000000	-0.00008201	-0.00236037	0.00000000	0.00227189	
0.00000000	-0.00005687	-0.00215577	0.00000000	0.00209205	
0.00000000	-0.00007451	-0.00206625	0.00000000	0.00198452	
0.00000000	-0.00005759	-0.00195949	0.00000000	0.00189436	
0.00000000	-0.00006243	-0.00197006	0.00000000	0.00190051	
0.00000000	-0.00009193	-0.00225681	0.00000000	0.00215973	
0.00000000	-0.00014628	-0.00275639	0.00000000	0.00260696	
0.00000000	-0.00015784	-0.00317338	0.00000000	0.00301410	
0.18965764	0.00077245	-0.00253410	0.00132503	0.00340896	
0.37399834	0.00182585	-0.00139444	0.00270766	0.00346248	
0.55302417	0.00241337	-0.00048619	0.00345591	0.00322275	
0.72673720	0.00178396	-0.00097413	0.00272610	0.00302651	
0.89513946	0.00285465	0.00021175	0.00427560	0.00305483	
1.05823302	0.00322281	0.00074078	0.00471940	0.00294556	
1.21601999	0.00280632	0.00048425	0.00418320	0.00274926	
1.36850238	0.00190694	-0.00045678	0.00302882	0.00270081	
1.51568234	0.00266549	0.00035810	0.00411492	0.00274958	
1.65756178	0.00316245	0.00080393	0.00499900	0.00288407	
1.79414296	0.00360638	0.00121306	0.00571773	0.00298681	
1.92542768	0.00347547	0.00095401	0.00571807	0.00312712	
2.05141830	0.00379519	0.00127981	0.00617853	0.00316581	
2.17211652	0.00370131	0.00134838	0.00571721	0.00298255	
2.28752494	0.00345869	0.00122924	0.00539678	0.00283747	
2.39764500	0.00391323	0.00183380	0.00607486	0.00275146	
2.50247931	0.00401592	0.00185870	0.00652281	0.00286606	
2.60202932	0.00366373	0.00122562	0.00618051	0.00313585	
2.69629765	0.00416372	0.00169978	0.00713403	0.00325157	
2.78528619	0.00409288	0.00154165	0.00705784	0.00333696	
2.86899686	0.00426752	0.00203715	0.00666531	0.00300632	
2.94743180	0.00408063	0.00206292	0.00643113	0.00276690	
3.02059317	0.00429965	0.00225426	0.00711908	0.00283964	
3.08848286	0.00429053	0.00207265	0.00778572	0.00303475	
3.15110302	0.00446039	0.00209972	0.00831661	0.00322009	
3.20845580	0.00438026	0.00185361	0.00832697	0.00340094	
3.26054287	0.00431276	0.00167253	0.00818724	0.00352235	
3.30736661	0.00430748	0.00154635	0.00842430	0.00366249	
3.34892917	0.00491285	0.00239844	0.00868822	0.00346565	
3.38523221	0.00297494	0.00031798	0.00526592	0.00335699	
3.41627812	0.00338219	0.00093490	0.00604520	0.00321775	
3.44206882	0.00372229	0.00117329	0.00719734	0.00339103	
3.46260643	0.00374655	0.00117129	0.00683338	0.00340520	
3.47789288	0.00473452	0.00256176	0.00809378	0.00310106	
3.48793030	0.00464613	0.00261872	0.00773376	0.00292774	
3.49272060	0.00428096	0.00215437	0.00751646	0.00300932	
3.49226618	0.00415724	0.00184461	0.00780491	0.00319335	
3.49181175	0.00165336	-0.00108804	0.00384979	0.00331960	
3.49135733	0.00381181	0.00153670	0.00671470	0.00309925	
3.49090290	0.00250676	-0.00010021	0.00489930	0.00329693	
3.49044871	0.00461472	0.00244114	0.00829450	0.00311004	
3.48999429	0.00445491	0.00213559	0.00851727	0.00326877	
3.48954010	0.00428505	0.00171176	0.00857003	0.00353573	
3.48908615	0.00444830	0.00180522	0.00872595	0.00362750	
3.48863196	0.00433750	0.00168553	0.00833244	0.00362194	
3.48817801	0.00330072	0.00036427	0.00675671	0.00379720	
3.48772407	0.00416588	0.00140093	0.00791549	0.00371851	
3.48727012	0.00457521	0.00202136	0.00824919	0.00353651	
3.48681641	0.00482565	0.00246939	0.00864962	0.00335611	
3.48636270	0.00469764	0.00238808	0.00875128	0.00329430	
3.48590899	0.00363317	0.00114037	0.00701893	0.00334547	
3.48545527	0.00322244	0.00068523	0.00603820	0.00333933	
3.48500180	0.00370366	0.00123584	0.00708052	0.00334059	
3.48454809	0.00421063	0.00173701	0.00801219	0.00342835	
3.48409462	0.00313788	0.00030376	0.00666441	0.00368064	
3.48364139	0.00383481	0.00131094	0.00746119	0.00345126	
3.48318791	0.00416043	0.00167556	0.00817927	0.00345293	
3.48273468	0.00445793	0.00199083	0.00849744	0.00347072	
3.48228145	0.00474013	0.00216052	0.00919905	0.00362363	
3.48182821	0.00456113	0.00183446	0.00932179	0.00377408	
3.48137522	0.00461751	0.00185786	0.00874283	0.00380343	
3.48092222	0.00481524	0.00223115	0.00897792	0.00362929	
3.48046923	0.00296159	0.00007192	0.00602614	0.00371577	
3.48001623	0.00460339	0.00209300	0.00864850	0.00352968	
3.47956324	0.00431730	0.00175549	0.00790005	0.00353652	
3.47911048	0.00427544	0.00169740	0.00804368	0.00355836	
3.47865772	0.00397359	0.00130390	0.00750061	0.00360943	
3.47820497	0.00428595	0.00172156	0.00787449	0.00353744	
3.47775245	0.00467884	0.00228446	0.00825526	0.00339464	
3.47729993	0.00469288	0.00241112	0.00835922	0.00327556	
3.47684741	0.00450421	0.00220513	0.00848357	0.00327800	
3.47639489	0.00461305	0.00236138	0.00839605	0.00323486	
3.47594237	0.00437057	0.00212625	0.00787959	0.00319619	
3.47549009	0.00437409	0.00213622	0.00820951	0.00319710	
3.47503781	0.00425194	0.00190698	0.00823731	0.00331120	
3.47458553	0.00382589	0.00127651	0.00768309	0.00348297	
3.47413349	0.00473049	0.00241398	0.00862234	0.00333065	
3.47368121	0.00465893	0.00248007	0.00828660	0.00316144	
3.47322917	0.00456344	0.00244912	0.00820091	0.00308366	
3.47277713	0.00430247	0.00201887	0.00825107	0.00326234	
3.47232533	0.00439922	0.00200100	0.00894227	0.00339216	
3.47187352	0.00327362	0.00066705	0.00652891	0.00346027	
3.47142172	0.00411208	0.00179982	0.00742171	0.00324582	
3.47096992	0.00430485	0.00208664	0.00796844	0.00317837	
3.47051811	0.00413171	0.00180229	0.00801135	0.00329138	
3.47006655	0.00425876	0.00188293	0.00808506	0.00335717	
3.46961498	0.00369316	0.00109216	0.00744540	0.00354852	
3.46916342	0.00391250	0.00125683	0.00781790	0.00363387	
3.46871185	0.00446707	0.00198626	0.00843399	0.00350620	
3.46826053	0.00421081	0.00170317	0.00837295	0.00351907	
3.46780920	0.00411800	0.00156529	0.00820368	0.00355452	
3.46735787	0.00439565	0.00191418	0.00865256	0.00351908	
3.46690679	0.00439003	0.00190195	0.00883808	0.00352794	
3.46645546	0.00311326	0.00028496	0.00662603	0.00373642	
3.46600437	0.00416792	0.00146408	0.00853945	0.00374559	
3.46555328	0.00278693	-0.00024999	0.00607164	0.00391750	
3.46510243	0.00454039	0.00189359	0.00880957	0.00373086	
3.46465135	0.00401712	0.00132371	0.00778745	0.00369609	
3.46420050	0.00454643	0.00207426	0.00853093	0.00352653	
3.46374965	0.00438540	0.00188176	0.00865707	0.00355375	
3.46329904	0.00423018	0.00175907	0.00798609	0.00347298	
3.46284819	0.00439501	0.00215027	0.00805540	0.00323837	
3.46239758	0.00416103	0.00193928	0.00780468	0.00319676	
3.46194696	0.00403100	0.00166467	0.00793488	0.00336172	
3.46149659	0.00334235	0.00060093	0.00768849	0.00370599	
3.46104598	0.00423105	0.00154542	0.00917533	0.00375762	
3.46059561	0.00379618	0.00103922	0.00796605	0.00376389	
3.46014524	0.00383740	0.00112352	0.00778842	0.00371296	
3.45969510	0.00436076	0.00176011	0.00854561	0.00366471	
3.45924473	0.00431264	0.00166165	0.00871091	0.00372393	
3.45879459	0.00438944	0.00170107	0.00912566	0.00377919	
3.45834446	0.00433735	0.00160658	0.00917358	0.00382288	
3.45789433	0.00437297	0.00164202	0.00947441	0.00382852	
3.45744443	0.00394983	0.00110359	0.00866475	0.00390996	
3.45699453	0.00397330	0.00111097	0.00852259	0.00393060	
3.45654464	0.00403357	0.00117812	0.00865596	0.00394208	
3.45609474	0.00387776	0.00102540	0.00802787	0.00390647	
3.45564508	0.00395574	0.00123501	0.00803065	0.00376302	
3.45519543	0.00440236	0.00194868	0.00826691	0.00350794	
3.45474577	0.00412035	0.00174841	0.00788847	0.00338355	
3.45429611	0.00424727	0.00192190	0.00829947	0.00335687	
3.45384645	0.00412929	0.00174693	0.00838667	0.00341072	
3.45339704	0.00275809	0.00011618	0.00579405	0.00349383	
3.45294762	0.00156488	-0.00123624	0.00428756	0.00352545	
3.45249844	0.00396535	0.00162545	0.00770151	0.00331186	
3.45204902	0.00433944	0.00226566	0.00768889	0.00304197	
3.45159984	0.00404726	0.00214345	0.00694721	0.00280022	
3.45115066	0.00403642	0.00226194	0.00702905	0.00265955	
3.45070148	0.00395561	0.00218083	0.00715728	0.00265188	
3.45025253	0.00391462	0.00208947	0.00717465	0.00270707	
3.44980335	0.00392724	0.00203433	0.00736124	0.00278780	
3.44935441	0.00394077	0.00200541	0.00745135	0.00283465	
3.44890571	0.00387038	0.00187526	0.00739084	0.00289866	
3.44845676	0.00277874	0.00050513	0.00580820	0.00305770	
3.44800806	0.00319125	0.00098211	0.00643611	0.00304252	
3.44755936	0.00336941	0.00120233	0.00663901	0.00301497	
3.44711065	0.00404942	0.00214360	0.00719790	0.00279486	
3.44666195	0.00152906	-0.00072154	0.00363887	0.00285222	
3.44621348	0.00231487	0.00009600	0.00498113	0.00293056	
3.44576502	0.00385856	0.00185316	0.00738783	0.00290801	
3.44531655	0.00371540	0.00166213	0.00709076	0.00293162	
3.44486833	0.00359479	0.00156056	0.00684508	0.00289080	
3.44441986	0.00379927	0.00187173	0.00678984	0.00279126	
3.44397163	0.00200942	-0.00024536	0.00438465	0.00291563	
3.44352365	0.00384826	0.00199775	0.00698706	0.00270596	
3.44307542	0.00393961	0.00223858	0.00671491	0.00253852	
3.44262743	0.00354254	0.00176926	0.00641145	0.00258846	
3.44217944	0.00357566	0.00163601	0.00691622	0.00278781	
3.44173145	0.00246136	0.00009469	0.00568827	0.00311975	
3.44128346	0.00325338	0.00077572	0.00692374	0.00334178	
3.44083571	0.00320870	0.00056381	0.00632907	0.00347905	
3.43536115	0.00416353	0.00191244	0.00729400	0.00314188	
3.42485738	0.00160189	-0.00085536	0.00364385	0.00303493	
3.40932155	0.00265538	0.00045042	0.00512057	0.00289294	
3.38875079	0.00324990	0.00123909	0.00598964	0.00274908	
3.36314201	0.00197877	-0.00021508	0.00401373	0.00277608	
3.33249164	0.00285979	0.00096767	0.00497973	0.00254801	
3.29679632	0.00270506	0.00094289	0.00465424	0.00237864	
3.25605178	0.00246832	0.00062354	0.00446132	0.00245596	
3.21025372	0.00300880	0.00119922	0.00537829	0.00247046	
3.15939736	0.00252831	0.00067911	0.00458988	0.00244162	
3.10347795	0.00261668	0.00086043	0.00457617	0.00234270	
3.04248929	0.00257962	0.00076729	0.00461969	0.00240943	
2.97642565	0.00226503	0.00032416	0.00410408	0.00248708	
2.90528011	0.00247277	0.00054887	0.00455351	0.00249969	
2.82904506	0.00170558	-0.00049134	0.00362239	0.00268603	
2.74771237	0.00220810	0.00023498	0.00389616	0.00247503	
2.66127276	0.00215947	0.00042446	0.00371751	0.00220653	
2.56971574	0.00170426	-0.00005356	0.00302077	0.00216944	
2.47302985	0.00182543	0.00016379	0.00314874	0.00206376	
2.37120175	0.00162501	0.00007046	0.00274066	0.00191194	
2.26421690	0.00076335	-0.00065682	0.00151330	0.00165205	
2.15205765	0.00101301	-0.00029173	0.00179322	0.00155730	
2.03470469	0.00110959	-0.00022039	0.00192540	0.00158912	
1.91213465	0.00162747	0.00034596	0.00263860	0.00158978	
1.78432059	0.00168075	0.00035044	0.00274093	0.00164477	
1.65123010	0.00180493	0.00034362	0.00310838	0.00179039	
1.51282394	0.00179330	0.00012561	0.00310760	0.00199304	
1.36905360	0.00178505	-0.00005407	0.00306759	0.00216050	
1.21985853	0.00159907	-0.00051850	0.00273252	0.00241818	
1.06515968	0.00165120	-0.00047894	0.00268021	0.00241417	
0.90485162	0.00167259	-0.00019309	0.00255406	0.00212930	
0.73878640	0.00165639	-0.00016444	0.00249016	0.00206827	
0.56674308	0.00096973	-0.00097664	0.00156134	0.00210517	
0.38835943	0.00048623	-0.00162428	0.00090990	0.00220023	
0.20294575	-0.00020209	-0.00237646	0.00000000	0.00219675	
0.00000000	-0.00013642	-0.00235083	0.00000000	0.00221856	
0.00000000	-0.00012252	-0.00227745	0.00000000	0.00215749	
0.00000000	-0.00008841	-0.00202548	0.00000000	0.00193733	
0.00000000	-0.00009181	-0.00188194	0.00000000	0.00178995	
0.00000000	-0.00008655	-0.00180549	0.00000000	0.00171764	
0.00000000	-0.00007646	-0.00171132	0.00000000	0.00163315	
0.00000000	-0.00007740	-0.00161931	0.00000000	0.00153903	
0.00000000	-0.00007215	-0.00149997	0.00000000	0.00142421	
0.00000000	-0.00008469	-0.00156463	0.00000000	0.00147739	
0.00000000	-0.00013299	-0.00176239	0.00000000	0.00162798	
0.00000000	-0.00012733	-0.00191173	0.00000000	0.00178394	
0.00000000	-0.00011004	-0.00197266	0.00000000	0.00186209	
0.00000000	-0.00008906	-0.00189198	0.00000000	0.00180143	
0.00000000	-0.00008929	-0.00185656	0.00000000	0.00176617	
0.00000000	-0.00011219	-0.00201986	0.00000000	0.00190815	
0.00000000	-0.00010681	-0.00214198	0.00000000	0.00203560	
0.00000000	-0.00012682	-0.00218019	0.00000000	0.00205384	
0.00000000	-0.00010412	-0.00212202	0.00000000	0.00201762	
0.00000000	-0.00008545	-0.00197725	0.00000000	0.00189027	
0.00000000	-0.00009284	-0.00196595	0.00000000	0.00187246	
0.00000000	-0.00010006	-0.00205319	0.00000000	0.00195254	
0.00000000	-0.00009350	-0.00198037	0.00000000	0.00188581	
0.00000000	-0.00009380	-0.00188452	0.00000000	0.00178869	
0.00000000	-0.00008530	-0.00180585	0.00000000	0.00171838	
0.00000000	-0.00008972	-0.00187605	0.00000000	0.00178479	
0.00000000	-0.00009562	-0.00196660	0.00000000	0.00186985	
0.00000000	-0.00008645	-0.00194068	0.00000000	0.00185239	
0.00000000	-0.00008407	-0.00183501	0.00000000	0.00174818	
0.00000000	-0.00007240	-0.00169079	0.00000000	0.00161460	
0.00000000	-0.00006731	-0.00156223	0.00000000	0.00149029	
0.00000000	-0.00009413	-0.00163708	0.00000000	0.00153975	
0.00000000	-0.00007795	-0.00162627	0.00000000	0.00154375	
0.00000000	-0.00006423	-0.00144350	0.00000000	0.00137386	
0.00000000	-0.00007923	-0.00149328	0.00000000	0.00140984	
0.00000000	-0.00008627	-0.00155480	0.00000000	0.00146382	
0.00000000	-0.00006337	-0.00140934	0.00000000	0.00134006	
0.00000000	-0.00005178	-0.00126743	0.00000000	0.00120903	
0.00000000	-0.00004922	-0.00119118	0.00000000	0.00113499	
0.00000000	-0.00004987	-0.00117653	0.00000000	0.00111974	
0.00000000	-0.00005894	-0.00117755	0.00000000	0.00111144	
0.00000000	-0.00005886	-0.00110441	0.00000000	0.00103753	
0.00000000	-0.00003992	-0.00100148	0.00000000	0.00095346	
0.00000000	-0.00003929	-0.00096984	0.00000000	0.00092189	
0.00000000	-0.00004910	-0.00094711	0.00000000	0.00088936	
0.00000000	-0.00006073	-0.00097940	0.00000000	0.00091024	
0.00000000	-0.00007214	-0.00101458	0.00000000	0.00093406	
0.00000000	-0.00005914	-0.00097287	0.00000000	0.00090486	
0.00000000	-0.00004235	-0.00089789	0.00000000	0.00084636	
0.00000000	-0.00004067	-0.00077687	0.00000000	0.00072544	
0.00000000	-0.00004236	-0.00067472	0.00000000	0.00062152	
0.00000000	-0.00003709	-0.00067904	0.00000000	0.00063110	
0.00000000	-0.00004270	-0.00068331	0.00000000	0.00062963	
0.00000000	-0.00004671	-0.00068100	0.00000000	0.00062333	
0.00000000	-0.00004014	-0.00067962	0.00000000	0.00062855	
0.00000000	-0.00003719	-0.00067640	0.00000000	0.00062822	
0.00000000	-0.00004307	-0.00068460	0.00000000	0.00063061	
0.00000000	-0.00005679	-0.00071006	0.00000000	0.00064229	
0.00000000	-0.00005575	-0.00071263	0.00000000	0.00064586	
0.00000000	-0.00005293	-0.00068676	0.00000000	0.00062271	
0.00000000	-0.00003778	-0.00066680	0.00000000	0.00061788	
0.00000000	-0.00003423	-0.00067161	0.00000000	0.00062634	
0.00000000	-0.00003654	-0.00067514	0.00000000	0.00062744	
0.00000000	-0.00004500	-0.00072902	0.00000000	0.00067364	
0.00000000	-0.00004352	-0.00078118	0.00000000	0.00072721	
0.00000000	-0.00003151	-0.00076801	0.00000000	0.00072611	
0.00000000	-0.00003225	-0.00077167	0.00000000	0.00072898	
0.00000000	-0.00003636	-0.00077183	0.00000000	0.00072499	
0.00000000	-0.00003731	-0.00077114	0.00000000	0.00072334	
0.00000000	-0.00004302	-0.00077591	0.00000000	0.00072236	
0.00000000	-0.00003970	-0.00075907	0.00000000	0.00070865	
0.00000000	-0.00003425	-0.00073302	0.00000000	0.00068792	
0.00000000	-0.00003191	-0.00072395	0.00000000	0.00068119	
0.00000000	-0.00003064	-0.00072792	0.00000000	0.00068646	
0.00000000	-0.00003547	-0.00073298	0.00000000	0.00068661	
0.00000000	-0.00003802	-0.00075045	0.00000000	0.00070153	
0.00000000	-0.00003912	-0.00075872	0.00000000	0.00070876	
0.00000000	-0.00004827	-0.00078101	0.00000000	0.00072198	
0.00000000	-0.00005988	-0.00078646	0.00000000	0.00071558	
0.00000000	-0.00005984	-0.00077748	0.00000000	0.00070675	
0.00000000	-0.00005166	-0.00077610	0.00000000	0.00071348	
0.00000000	-0.00006058	-0.00076361	0.00000000	0.00069215	
0.00000000	-0.00005064	-0.00076109	0.00000000	0.00069950	
0.00000000	-0.00004085	-0.00075363	0.00000000	0.00070187	
0.00000000	-0.00004328	-0.00076485	0.00000000	0.00071067	
0.00000000	-0.00004512	-0.00076310	0.00000000	0.00070699	
0.00000000	-0.00004730	-0.00077204	0.00000000	0.00071390	
0.00000000	-0.00007425	-0.00091517	0.00000000	0.00083139	
0.00000000	-0.00006374	-0.00098830	0.00000000	0.00091477	
0.00000000	-0.00004326	-0.00086624	0.00000000	0.00081250	
0.00000000	-0.00004291	-0.00082455	0.00000000	0.00077091	
0.00000000	-0.00003417	-0.00078282	0.00000000	0.00073761	
0.00000000	-0.00002736	-0.00074849	0.00000000	0.00070995	
0.00000000	-0.00002607	-0.00072672	0.00000000	0.00068926	
0.00000000	-0.00003041	-0.00071403	0.00000000	0.00067215	
0.00000000	-0.00003602	-0.00072692	0.00000000	0.00067950	
0.00000000	-0.00003987	-0.00074452	0.00000000	0.00069325	
0.00000000	-0.00004163	-0.00075227	0.00000000	0.00069924	
0.00000000	-0.00004412	-0.00076002	0.00000000	0.00070447	
0.00000000	-0.00003995	-0.00073842	0.00000000	0.00068682	
0.00000000	-0.00002814	-0.00070181	0.00000000	0.00066188	
0.00000000	-0.00002892	-0.00069955	0.00000000	0.00065889	
0.00000000	-0.00003249	-0.00072534	0.00000000	0.00068136	
0.00000000	-0.00003326	-0.00074071	0.00000000	0.00069586	
0.00000000	-0.00003230	-0.00074572	0.00000000	0.00070186	
0.00000000	-0.00003714	-0.00075720	0.00000000	0.00070840	
0.00000000	-0.00003706	-0.00074862	0.00000000	0.00069990	
0.00000000	-0.00003303	-0.00075026	0.00000000	0.00070568	
0.00000000	-0.00003333	-0.00075279	0.00000000	0.00070781	
0.00000000	-0.00003473	-0.00074659	0.00000000	0.00070020	
0.00000000	-0.00003578	-0.00075673	0.00000000	0.00070939	
0.00000000	-0.00003916	-0.00078100	0.00000000	0.00073041	
0.00000000	-0.00004764	-0.00079838	0.00000000	0.00073925	
0.00000000	-0.00004445	-0.00077804	0.00000000	0.00072191	
0.00000000	-0.00004518	-0.00076944	0.00000000	0.00071271	
0.00000000	-0.00004879	-0.00079253	0.00000000	0.00073221	
0.00000000	-0.00004645	-0.00079964	0.00000000	0.00074168	
0.00000000	-0.00004717	-0.00081858	0.00000000	0.00076001	
0.00000000	-0.00004404	-0.00081874	0.00000000	0.00076310	
0.00000000	-0.00003657	-0.00079419	0.00000000	0.00074597	
0.00000000	-0.00003507	-0.00080836	0.00000000	0.00076180	
0.00000000	-0.00004063	-0.00083729	0.00000000	0.00078519	
0.00000000	-0.00004737	-0.00084975	0.00000000	0.00079098	
0.00000000	-0.00004784	-0.00084276	0.00000000	0.00078335	
0.00000000	-0.00004624	-0.00082523	0.00000000	0.00076742	
0.00000000	-0.00004452	-0.00081090	0.00000000	0.00075462	
0.00000000	-0.00004512	-0.00079557	0.00000000	0.00073869	
0.00000000	-0.00004500	-0.00079599	0.00000000	0.00073922	
0.00000000	-0.00004859	-0.00080071	0.00000000	0.00074033	
0.00000000	-0.00005545	-0.00083343	0.00000000	0.00076647	
0.00000000	-0.00005860	-0.00091089	0.00000000	0.00084130	
0.00000000	-0.00006962	-0.00103604	0.00000000	0.00095609	
0.00000000	-0.00007285	-0.00120777	0.00000000	0.00112565	
0.00000000	-0.00008551	-0.00144151	0.00000000	0.00134785	
0.00000000	-0.00006775	-0.00153339	0.00000000	0.00145730	
0.00000000	-0.00006450	-0.00151312	0.00000000	0.00144035	
0.00000000	-0.00006035	-0.00148742	0.00000000	0.00141870	
0.00000000	-0.00006024	-0.00149015	0.00000000	0.00142157	
0.00000000	-0.00006716	-0.00152250	0.00000000	0.00144709	
0.00000000	-0.00007271	-0.00155832	0.00000000	0.00147748	
0.00000000	-0.00007908	-0.00162598	0.00000000	0.00153918	
0.00000000	-0.00009367	-0.00175597	0.00000000	0.00165524	
0.00000000	-0.00009921	-0.00193631	0.00000000	0.00183102	
0.00000000	-0.00010841	-0.00214542	0.00000000	0.00203177	
0.00000000	-0.00009423	-0.00217932	0.00000000	0.00207932	
0.00000000	-0.00006057	-0.00198484	0.00000000	0.00191747	
0.00000000	-0.00007405	-0.00189463	0.00000000	0.00181392	
0.00000000	-0.00007118	-0.00187730	0.00000000	0.00179908	
0.00000000	-0.00004308	-0.00169966	0.00000000	0.00164839	
0.00000000	-0.00004724	-0.00155246	0.00000000	0.00149678	
0.00000000	-0.00005691	-0.00160520	0.00000000	0.00154033	
0.00000000	-0.00006764	-0.00169434	0.00000000	0.00161902	
0.00000000	-0.00005994	-0.00176734	0.00000000	0.00170009	
0.00000000	-0.00008853	-0.00194429	0.00000000	0.00184942	
0.00000000	-0.00011473	-0.00222447	0.00000000	0.00210474	
0.00000000	-0.00013425	-0.00251229	0.00000000	0.00237406	
0.00000000	-0.00013209	-0.00268887	0.00000000	0.00255325	
0.00000000	-0.00009911	-0.00268313	0.00000000	0.00258013	
0.00000000	-0.00012183	-0.00280341	0.00000000	0.00267909	
0.00000000	-0.00016858	-0.00316471	0.00000000	0.00299463	
0.00000000	-0.00014913	-0.00325423	0.00000000	0.00310358	
0.00000000	-0.00011409	-0.00302136	0.00000000	0.00290387	
0.00000000	-0.00005990	-0.00258083	0.00000000	0.00251604	
0.00000000	-0.00008137	-0.00246143	0.00000000	0.00237562	
0.00000000	-0.00008516	-0.00256334	0.00000000	0.00247384	
0.00000000	-0.00008325	-0.00256712	0.00000000	0.00247918	
0.00000000	-0.00006226	-0.00240335	0.00000000	0.00233560	
0.00000000	-0.00007774	-0.00238838	0.00000000	0.00230592	
0.00000000	-0.00011190	-0.00264064	0.00000000	0.00252530	
0.00000000	-0.00010541	-0.00269829	0.00000000	0.00258863	
0.00000000	-0.00005453	-0.00238493	0.00000000	0.00232467	
0.17207438	0.00028198	-0.00183111	0.00045032	0.00214518	
0.33957627	0.00130691	-0.00076594	0.00187287	0.00223786	
0.50250751	0.00209920	-0.00000635	0.00299044	0.00237667	
0.66086978	0.00266818	0.00059143	0.00380765	0.00242694	
0.81466490	0.00278523	0.00071912	0.00401445	0.00244422	
0.96389472	0.00301369	0.00097501	0.00437004	0.00245570	
1.10856092	0.00293392	0.00090404	0.00430538	0.00244894	
1.24866533	0.00218078	0.00007195	0.00332120	0.00245432	
1.38420963	0.00234873	0.00033760	0.00356635	0.00238600	
1.51519561	0.00279687	0.00097506	0.00412290	0.00225326	
1.64162517	0.00289530	0.00113980	0.00433422	0.00221306	
1.76350009	0.00335876	0.00156111	0.00520769	0.00233377	
1.88082194	0.00358264	0.00149971	0.00596616	0.00267682	
1.99359262	0.00377737	0.00146084	0.00667728	0.00296095	
2.10181379	0.00297528	0.00027756	0.00543509	0.00327324	
2.20548749	0.00384061	0.00136643	0.00648898	0.00315249	
2.30461526	0.00396048	0.00175825	0.00643909	0.00289902	
2.39919901	0.00396662	0.00179175	0.00680570	0.00289148	
2.48924017	0.00431458	0.00216920	0.00686132	0.00289829	
2.57474113	0.00408393	0.00199792	0.00664427	0.00282120	
2.65570307	0.00400077	0.00210497	0.00622641	0.00259541	
2.73212790	0.00299480	0.00114784	0.00470528	0.00242198	
2.80401754	0.00377483	0.00225290	0.00589657	0.00217938	
2.87137389	0.00258918	0.00086130	0.00424653	0.00224975	
2.93419814	0.00281402	0.00117901	0.00486396	0.00220203	
2.99249268	0.00310424	0.00139339	0.00525230	0.00233798	
3.04625893	0.00355808	0.00173866	0.00670114	0.00252736	
3.09549880	0.00405366	0.00225081	0.00695652	0.00257175	
3.14021397	0.00426474	0.00242093	0.00709594	0.00263547	
3.18040633	0.00323459	0.00126417	0.00556166	0.00263438	
3.21607733	0.00275847	0.00078508	0.00479905	0.00258250	
3.24722910	0.00358367	0.00176787	0.00621799	0.00254177	
3.27386332	0.00412813	0.00227357	0.00773239	0.00266964	
3.29598165	0.00409309	0.00207970	0.00789991	0.00284270	
3.31358576	0.00394880	0.00179980	0.00725994	0.00297774	
3.32667756	0.00385553	0.00162278	0.00709774	0.00305819	
3.33525896	0.00373557	0.00153546	0.00709906	0.00302902	
3.33933139	0.00429320	0.00199907	0.00817975	0.00320407	
3.33889699	0.00435195	0.00193611	0.00872153	0.00335873	
3.33846235	0.00442016	0.00189030	0.00896304	0.00348784	
3.33802795	0.00410340	0.00148179	0.00801451	0.00353807	
3.33759356	0.00434187	0.00183251	0.00805929	0.00345064	
3.33715916	0.00460358	0.00216563	0.00893883	0.00341905	
3.33672500	0.00431671	0.00177600	0.00875482	0.00349810	
3.33629060	0.00396416	0.00134797	0.00764668	0.00353118	
3.33585644	0.00455257	0.00207659	0.00872474	0.00347080	
3.33542228	0.00432512	0.00176981	0.00856576	0.00352843	
3.33498836	0.00422054	0.00161446	0.00849954	0.00358124	
3.33455420	0.00407297	0.00143224	0.00824651	0.00359436	
3.33412027	0.00441900	0.00201888	0.00809406	0.00335939	
3.33368659	0.00450431	0.00240327	0.00773022	0.00303072	
3.33325267	0.00452365	0.00265897	0.00787526	0.00277567	
3.33281898	0.00232682	-0.00008321	0.00475771	0.00308278	
3.33238506	0.00428104	0.00212938	0.00788096	0.00306249	
3.33195138	0.00426869	0.00193670	0.00795393	0.00327162	
3.33151793	0.00425277	0.00166807	0.00888413	0.00356090	
3.33108425	0.00407916	0.00129936	0.00815934	0.00373788	
3.33065081	0.00373764	0.00089681	0.00750444	0.00375300	
3.33021736	0.00395484	0.00118693	0.00761690	0.00370864	
3.32978392	0.00441045	0.00173351	0.00862561	0.00367377	
3.32935071	0.00468050	0.00218195	0.00821662	0.00349307	
3.32891750	0.00460303	0.00219303	0.00854449	0.00340796	
3.32848430	0.00436056	0.00177717	0.00890191	0.00358271	
3.32805109	0.00443647	0.00179089	0.00864552	0.00365206	
3.32761788	0.00457520	0.00197230	0.00908046	0.00363081	
3.32718492	0.00390977	0.00106183	0.00818699	0.00382722	
3.32675195	0.00447360	0.00165113	0.00937794	0.00387959	
3.32631898	0.00450030	0.00174250	0.00873194	0.00379620	
3.32588601	0.00465419	0.00207312	0.00884905	0.00362570	
3.32545328	0.00434628	0.00168422	0.00891673	0.00369909	
3.32502055	0.00436124	0.00157567	0.00929371	0.00384926	
3.32458782	0.00372220	0.00077456	0.00777119	0.00392873	
3.32415509	0.00489724	0.00248818	0.00850570	0.00345324	
3.32372260	0.00463927	0.00252837	0.00800108	0.00309205	
3.32329011	0.00437154	0.00238461	0.00763661	0.00292161	
3.32285762	0.00433025	0.00238658	0.00788196	0.00288054	
3.32242513	0.00421152	0.00216947	0.00823680	0.00298724	
3.32199287	0.00410004	0.00187106	0.00878625	0.00319641	
3.32156038	0.00392813	0.00147197	0.00900387	0.00343452	
3.32112813	0.00405268	0.00147153	0.00916393	0.00359916	
3.32069612	0.00409287	0.00143246	0.00922421	0.00369265	
3.32026386	0.00422883	0.00154986	0.00959764	0.00374140	
3.31983185	0.00416306	0.00143515	0.00894529	0.00378698	
3.31939983	0.00467515	0.00215421	0.00878176	0.00360726	
3.31896782	0.00461958	0.00224235	0.00908601	0.00343914	
3.31853580	0.00403127	0.00153518	0.00826059	0.00350386	
3.31810403	0.00338839	0.00063361	0.00723038	0.00370865	
3.31767225	0.00397864	0.00124945	0.00820122	0.00376416	
3.31724048	0.00445047	0.00176942	0.00918161	0.00377516	
3.31680870	0.00402190	0.00119585	0.00842257	0.00387915	
3.31637716	0.00432945	0.00147367	0.00890660	0.00396929	
3.31594563	0.00449766	0.00164239	0.00958226	0.00397833	
3.31551409	0.00451647	0.00175449	0.00913974	0.00387038	
3.31508255	0.00402529	0.00118726	0.00843313	0.00390325	
3.31465125	0.00433201	0.00155168	0.00901278	0.00387931	
3.31421971	0.00429020	0.00135872	0.00887864	0.00404829	
3.31378841	0.00397078	0.00066134	0.00923708	0.00442435	
3.31335735	0.00453241	0.00123680	0.00980004	0.00446114	
3.31292605	0.00412987	0.00091839	0.00822459	0.00428451	
3.31249499	0.00484250	0.00202690	0.00909698	0.00393668	
3.31206393	0.00450724	0.00170102	0.00898116	0.00389922	
3.31163287	0.00432161	0.00137421	0.00901598	0.00404918	
3.31120181	0.00461401	0.00177553	0.00879282	0.00393366	
3.31077099	0.00464017	0.00205131	0.00844683	0.00365182	
3.31034017	0.00432492	0.00175599	0.00826463	0.00360960	
3.30990934	0.00428679	0.00171169	0.00848330	0.00360455	
3.30947852	0.00398185	0.00136067	0.00796378	0.00362550	
3.30904794	0.00345174	0.00061605	0.00773856	0.00381509	
3.30861735	0.00396709	0.00113959	0.00877511	0.00387958	
3.30818677	0.00423056	0.00149000	0.00850333	0.00380938	
3.30775619	0.00439803	0.00186074	0.00822911	0.00358721	
3.30732560	0.00435904	0.00201414	0.00818042	0.00336735	
3.30689526	0.00414685	0.00181782	0.00822247	0.00333820	
3.30646491	0.00405367	0.00162245	0.00857051	0.00345869	
3.30603456	0.00381587	0.00122353	0.00850534	0.00361429	
3.30560446	0.00430106	0.00178628	0.00906659	0.00358997	
3.30517435	0.00291342	0.00019337	0.00622467	0.00361090	
3.30474424	0.00317121	0.00062118	0.00645247	0.00345430	
3.30431414	0.00330948	0.00083379	0.00697325	0.00339645	
3.30388403	0.00320203	0.00060648	0.00712089	0.00354539	
3.30345416	0.00417026	0.00172806	0.00843464	0.00348439	
3.30302429	0.00431394	0.00199703	0.00845864	0.00335051	
3.30259442	0.00370820	0.00133530	0.00726599	0.00332471	
3.30216455	0.00405884	0.00176257	0.00821613	0.00329680	
3.30173492	0.00408627	0.00175604	0.00823921	0.00333875	
3.30130506	0.00364860	0.00113712	0.00763127	0.00349985	
3.30087566	0.00363183	0.00110988	0.00738761	0.00348372	
3.30044603	0.00304118	0.00053565	0.00606997	0.00337471	
3.30001640	0.00310553	0.00069940	0.00614895	0.00327882	
3.29958701	0.00362819	0.00135032	0.00722762	0.00321132	
3.29915762	0.00420847	0.00215938	0.00758289	0.00301328	
3.29872823	0.00416889	0.00226726	0.00754837	0.00284268	
3.29829907	0.00395461	0.00200536	0.00752405	0.00287761	
3.29786968	0.00389635	0.00179648	0.00788971	0.00304719	
3.29744053	0.00392435	0.00165947	0.00809446	0.00323155	
3.29701138	0.00381956	0.00131932	0.00826827	0.00346686	
3.29658246	0.00399630	0.00137657	0.00850315	0.00361410	
3.29615355	0.00405771	0.00142486	0.00864053	0.00363163	
3.29572439	0.00398242	0.00142755	0.00813640	0.00351312	
3.29529548	0.00383873	0.00151819	0.00676413	0.00320518	
3.29486680	0.00398132	0.00194044	0.00684630	0.00291731	
3.29443789	0.00377846	0.00168568	0.00696621	0.00297166	
3.29400921	0.00363110	0.00133295	0.00764259	0.00318877	
3.29358053	0.00418214	0.00199423	0.00759738	0.00311575	
3.29315186	0.00340433	0.00119035	0.00627590	0.00303806	
3.29272342	0.00364752	0.00159831	0.00642165	0.00288123	
3.29229498	0.00378269	0.00179229	0.00682351	0.00284835	
3.29186654	0.00270541	0.00044988	0.00527998	0.00299356	
3.29143810	0.00387471	0.00188098	0.00712390	0.00285710	
3.29100966	0.00392854	0.00201387	0.00704268	0.00277293	
3.29058146	0.00392688	0.00210972	0.00706421	0.00265848	
3.29015326	0.00205765	-0.00013293	0.00436168	0.00283331	
3.28972507	0.00328388	0.00132865	0.00584310	0.00273025	
3.28929687	0.00367672	0.00179331	0.00661528	0.00271520	
3.28886890	0.00350793	0.00153642	0.00673669	0.00278868	
3.28844094	0.00392704	0.00213110	0.00673086	0.00263000	
3.28801298	0.00359746	0.00175768	0.00656233	0.00266177	
3.28758502	0.00342600	0.00137259	0.00720375	0.00288781	
3.28283429	0.00339605	0.00115959	0.00711338	0.00309322	
3.27375889	0.00338835	0.00104183	0.00738773	0.00321126	
3.26035666	0.00397481	0.00186197	0.00721537	0.00299670	
3.24262571	0.00320373	0.00108441	0.00580437	0.00290608	
3.22056365	0.00198473	-0.00046636	0.00445439	0.00312229	
3.19416809	0.00331308	0.00112958	0.00624486	0.00297682	
3.16343641	0.00294379	0.00077807	0.00550904	0.00290864	
3.12836552	-0.00065433	-0.00316493	0.00099082	0.00290964	
3.08895278	0.00300860	0.00103848	0.00527958	0.00266618	
3.04519415	0.00304259	0.00124730	0.00523125	0.00247747	
2.99708676	0.00281641	0.00107481	0.00491752	0.00237610	
2.94462585	0.00186064	0.00002892	0.00343327	0.00233615	
2.88780785	0.00165034	-0.00017362	0.00321208	0.00229716	
2.82662725	0.00169327	-0.00017820	0.00330490	0.00235540	
2.76107955	0.00249092	0.00071498	0.00451060	0.00234730	
2.69115829	0.00253156	0.00071483	0.00468823	0.00239140	
2.61685777	0.00247195	0.00059574	0.00456403	0.00243821	
2.53817058	0.00231154	0.00029101	0.00443076	0.00257554	
2.45508885	0.00218870	0.00000726	0.00443252	0.00271896	
2.36760378	0.00236308	0.00032040	0.00413224	0.00255909	
2.27570581	0.00220731	0.00037841	0.00374736	0.00229638	
2.17938328	0.00155559	-0.00031022	0.00283292	0.00224873	
2.07862401	0.00191271	0.00011701	0.00330000	0.00220954	
1.97341287	0.00202067	0.00025165	0.00346294	0.00218269	
1.86373329	0.00200339	0.00024923	0.00344170	0.00215144	
1.74956560	0.00162018	-0.00019970	0.00274780	0.00216028	
1.63088655	0.00174701	0.00002001	0.00285381	0.00206218	
1.50766850	0.00177389	0.00009773	0.00289538	0.00200480	
1.37987781	0.00169240	0.00000087	0.00271083	0.00199680	
1.24747336	0.00160068	-0.00007626	0.00251385	0.00195813	
1.11040270	0.00171761	-0.00004734	0.00287631	0.00206018	
0.96859848	0.00172056	-0.00024936	0.00285947	0.00225793	
0.82197028	0.00162438	-0.00050723	0.00263867	0.00239880	
0.67039120	0.00163874	-0.00065831	0.00259859	0.00255578	
0.51367164	0.00157395	-0.00073167	0.00245307	0.00253500	
0.35150063	0.00104233	-0.00109599	0.00160093	0.00228729	
0.18328576	-0.00013496	-0.00210181	0.00000000	0.00198306	
0.00000000	-0.00010120	-0.00198845	0.00000000	0.00188855	
0.00000000	-0.00008590	-0.00199294	0.00000000	0.00190697	
0.00000000	-0.00007497	-0.00187082	0.00000000	0.00179424	
0.00000000	-0.00007326	-0.00173553	0.00000000	0.00166013	
0.00000000	-0.00008297	-0.00176458	0.00000000	0.00168030	
0.00000000	-0.00008659	-0.00183058	0.00000000	0.00174271	
0.00000000	-0.00007729	-0.00178243	0.00000000	0.00170310	
0.00000000	-0.00007115	-0.00169171	0.00000000	0.00161786	
0.00000000	-0.00007177	-0.00163788	0.00000000	0.00156314	
0.00000000	-0.00009141	-0.00167132	0.00000000	0.00157734	
0.00000000	-0.00009613	-0.00174750	0.00000000	0.00164938	
0.00000000	-0.00009255	-0.00175907	0.00000000	0.00166403	
0.00000000	-0.00008600	-0.00162834	0.00000000	0.00153896	
0.00000000	-0.00008530	-0.00154146	0.00000000	0.00145222	
0.00000000	-0.00008820	-0.00154411	0.00000000	0.00145236	
0.00000000	-0.00009789	-0.00170479	0.00000000	0.00160456	
0.00000000	-0.00009648	-0.00181644	0.00000000	0.00171789	
0.00000000	-0.00010450	-0.00187871	0.00000000	0.00177254	
0.00000000	-0.00008992	-0.00179686	0.00000000	0.00170442	
0.00000000	-0.00007431	-0.00168207	0.00000000	0.00160450	
0.00000000	-0.00007802	-0.00159962	0.00000000	0.00151767	
0.00000000	-0.00007636	-0.00153499	0.00000000	0.00145436	
0.00000000	-0.00007922	-0.00156274	0.00000000	0.00147989	
0.00000000	-0.00011608	-0.00169797	0.00000000	0.00157895	
0.00000000	-0.00009635	-0.00167956	0.00000000	0.00157946	
0.00000000	-0.00007117	-0.00159205	0.00000000	0.00151637	
0.00000000	-0.00007276	-0.00151425	0.00000000	0.00143654	
0.00000000	-0.00006373	-0.00138669	0.00000000	0.00131723	
0.00000000	-0.00005793	-0.00130463	0.00000000	0.00124057	
0.00000000	-0.00005807	-0.00124257	0.00000000	0.00117777	
0.00000000	-0.00006161	-0.00127974	0.00000000	0.00121245	
0.00000000	-0.00010625	-0.00153305	0.00000000	0.00142299	
0.00000000	-0.00006609	-0.00150251	0.00000000	0.00143076	
0.00000000	-0.00005090	-0.00129765	0.00000000	0.00124023	
0.00000000	-0.00005174	-0.00121105	0.00000000	0.00115227	
0.00000000	-0.00004991	-0.00116006	0.00000000	0.00110282	
0.00000000	-0.00004853	-0.00110220	0.00000000	0.00104574	
0.00000000	-0.00004468	-0.00102738	0.00000000	0.00097429	
0.00000000	-0.00004239	-0.00096835	0.00000000	0.00091715	
0.00000000	-0.00004077	-0.00091507	0.00000000	0.00086509	
0.00000000	-0.00004164	-0.00087776	0.00000000	0.00082671	
0.00000000	-0.00004321	-0.00085868	0.00000000	0.00080590	
0.00000000	-0.00004804	-0.00087593	0.00000000	0.00081862	
0.00000000	-0.00005385	-0.00089399	0.00000000	0.00083069	
0.00000000	-0.00003675	-0.00085024	0.00000000	0.00080379	
0.00000000	-0.00003405	-0.00081186	0.00000000	0.00076782	
0.00000000	-0.00003502	-0.00077320	0.00000000	0.00072784	
0.00000000	-0.00003532	-0.00074502	0.00000000	0.00069925	
0.00000000	-0.00004104	-0.00073905	0.00000000	0.00068743	
0.00000000	-0.00003752	-0.00072553	0.00000000	0.00067737	
0.00000000	-0.00003592	-0.00072158	0.00000000	0.00067502	
0.00000000	-0.00004244	-0.00072238	0.00000000	0.00066916	
0.00000000	-0.00004565	-0.00072073	0.00000000	0.00066431	
0.00000000	-0.00004845	-0.00072968	0.00000000	0.00067050	
0.00000000	-0.00004476	-0.00072682	0.00000000	0.00067126	
0.00000000	-0.00004408	-0.00072860	0.00000000	0.00067379	
0.00000000	-0.00004081	-0.00072872	0.00000000	0.00067712	
0.00000000	-0.00003627	-0.00071998	0.00000000	0.00067288	
0.00000000	-0.00003663	-0.00071372	0.00000000	0.00066617	
0.00000000	-0.00004287	-0.00071499	0.00000000	0.00066117	
0.00000000	-0.00004552	-0.00072523	0.00000000	0.00066885	
0.00000000	-0.00004397	-0.00072554	0.00000000	0.00067059	
0.00000000	-0.00005817	-0.00074118	0.00000000	0.00067213	
0.00000000	-0.00005254	-0.00073554	0.00000000	0.00067198	
0.00000000	-0.00003939	-0.00071382	0.00000000	0.00066343	
0.00000000	-0.00004952	-0.00074169	0.00000000	0.00068136	
0.00000000	-0.00004047	-0.00074070	0.00000000	0.00068925	
0.00000000	-0.00003521	-0.00072709	0.00000000	0.00068096	
0.00000000	-0.00003649	-0.00072198	0.00000000	0.00067429	
0.00000000	-0.00003323	-0.00070703	0.00000000	0.00066264	
0.00000000	-0.00003447	-0.00071370	0.00000000	0.00066802	
0.00000000	-0.00003377	-0.00071367	0.00000000	0.00066867	
0.00000000	-0.00003143	-0.00072190	0.00000000	0.00067932	
0.00000000	-0.00003501	-0.00072941	0.00000000	0.00068314	
0.00000000	-0.00003491	-0.00072248	0.00000000	0.00067628	
0.00000000	-0.00003414	-0.00072181	0.00000000	0.00067637	
0.00000000	-0.00003917	-0.00074526	0.00000000	0.00069501	
0.00000000	-0.00003600	-0.00073445	0.00000000	0.00068695	
0.00000000	-0.00003184	-0.00071891	0.00000000	0.00067580	
0.00000000	-0.00003981	-0.00075238	0.00000000	0.00070132	
0.00000000	-0.00004616	-0.00077351	0.00000000	0.00071614	
0.00000000	-0.00003763	-0.00076389	0.00000000	0.00071481	
0.00000000	-0.00002837	-0.00073050	0.00000000	0.00069057	
0.00000000	-0.00002434	-0.00071452	0.00000000	0.00067858	
0.00000000	-0.00002714	-0.00072253	0.00000000	0.00068386	
0.00000000	-0.00002402	-0.00072828	0.00000000	0.00069272	
0.00000000	-0.00003734	-0.00074405	0.00000000	0.00069519	
0.00000000	-0.00003892	-0.00075496	0.00000000	0.00070455	
0.00000000	-0.00004159	-0.00076318	0.00000000	0.00071003	
0.00000000	-0.00003931	-0.00076293	0.00000000	0.00071210	
0.00000000	-0.00003779	-0.00076642	0.00000000	0.00071705	
0.00000000	-0.00003858	-0.00076359	0.00000000	0.00071340	
0.00000000	-0.00002877	-0.00074490	0.00000000	0.00070446	
0.00000000	-0.00003767	-0.00076010	0.00000000	0.00071091	
0.00000000	-0.00004294	-0.00077334	0.00000000	0.00071881	
0.00000000	-0.00003350	-0.00074149	0.00000000	0.00069616	
0.00000000	-0.00003496	-0.00073752	0.00000000	0.00069083	
0.00000000	-0.00004018	-0.00078032	0.00000000	0.00072863	
0.00000000	-0.00004499	-0.00080890	0.00000000	0.00075239	
0.00000000	-0.00004927	-0.00083338	0.00000000	0.00077265	
0.00000000	-0.00003145	-0.00077311	0.00000000	0.00072974	
0.00000000	-0.00002895	-0.00076239	0.00000000	0.00072181	
0.00000000	-0.00002699	-0.00076873	0.00000000	0.00072988	
0.00000000	-0.00003157	-0.00076104	0.00000000	0.00071773	
0.00000000	-0.00003981	-0.00078108	0.00000000	0.00072954	
0.00000000	-0.00004704	-0.00078288	0.00000000	0.00072401	
0.00000000	-0.00005528	-0.00078696	0.00000000	0.00071987	
0.00000000	-0.00003825	-0.00075874	0.00000000	0.00070845	
0.00000000	-0.00004939	-0.00075902	0.00000000	0.00069765	
0.00000000	-0.00007302	-0.00078906	0.00000000	0.00070405	
0.00000000	-0.00008750	-0.00082427	0.00000000	0.00072484	
0.00000000	-0.00004730	-0.00080267	0.00000000	0.00074357	
0.00000000	-0.00004120	-0.00081587	0.00000000	0.00076290	
0.00000000	-0.00003357	-0.00080552	0.00000000	0.00075999	
0.00000000	-0.00003003	-0.00078176	0.00000000	0.00073965	
0.00000000	-0.00003105	-0.00078259	0.00000000	0.00073960	
0.00000000	-0.00003571	-0.00082139	0.00000000	0.00077399	
0.00000000	-0.00004071	-0.00083397	0.00000000	0.00078135	
0.00000000	-0.00003760	-0.00081505	0.00000000	0.00076559	
0.00000000	-0.00005459	-0.00083281	0.00000000	0.00076628	
0.00000000	-0.00005925	-0.00086694	0.00000000	0.00079618	
0.00000000	-0.00004294	-0.00085915	0.00000000	0.00080461	
0.00000000	-0.00004142	-0.00084130	0.00000000	0.00078828	
0.00000000	-0.00003133	-0.00082012	0.00000000	0.00077689	
0.00000000	-0.00004638	-0.00083146	0.00000000	0.00077337	
0.00000000	-0.00006794	-0.00093388	0.00000000	0.00085488	
0.00000000	-0.00005383	-0.00107659	0.00000000	0.00101254	
0.00000000	-0.00004203	-0.00110090	0.00000000	0.00104787	
0.00000000	-0.00003970	-0.00096913	0.00000000	0.00091821	
0.00000000	-0.00004583	-0.00095744	0.00000000	0.00090027	
0.00000000	-0.00006025	-0.00094697	0.00000000	0.00087505	
0.00000000	-0.00004557	-0.00089088	0.00000000	0.00083358	
0.00000000	-0.00006158	-0.00094808	0.00000000	0.00087537	
0.00000000	-0.00005107	-0.00104970	0.00000000	0.00098802	
0.00000000	-0.00004995	-0.00112779	0.00000000	0.00106725	
0.00000000	-0.00004475	-0.00113236	0.00000000	0.00107696	
0.00000000	-0.00005622	-0.00116047	0.00000000	0.00109387	
0.00000000	-0.00007679	-0.00127666	0.00000000	0.00119015	
0.00000000	-0.00011457	-0.00152624	0.00000000	0.00140328	
0.00000000	-0.00005944	-0.00161873	0.00000000	0.00155075	
0.00000000	-0.00004842	-0.00151927	0.00000000	0.00146164	
0.00000000	-0.00008588	-0.00152191	0.00000000	0.00142719	
0.00000000	-0.00005986	-0.00159089	0.00000000	0.00152262	
0.00000000	-0.00004352	-0.00153053	0.00000000	0.00147769	
0.00000000	-0.00004022	-0.00136128	0.00000000	0.00131108	
0.00000000	-0.00003684	-0.00121912	0.00000000	0.00117177	
0.00000000	-0.00003618	-0.00116336	0.00000000	0.00111656	
0.00000000	-0.00003815	-0.00116582	0.00000000	0.00111709	
0.00000000	-0.00003801	-0.00116744	0.00000000	0.00111870	
0.00000000	-0.00004250	-0.00117222	0.00000000	0.00111900	
0.00000000	-0.00004263	-0.00117706	0.00000000	0.00112370	
0.00000000	-0.00004287	-0.00115552	0.00000000	0.00110181	
0.00000000	-0.00004624	-0.00115963	0.00000000	0.00110272	
0.00000000	-0.00004959	-0.00118714	0.00000000	0.00112694	
0.00000000	-0.00005716	-0.00126674	0.00000000	0.00119956	
0.00000000	-0.00007440	-0.00144317	0.00000000	0.00135942	
0.00000000	-0.00006090	-0.00155477	0.00000000	0.00148482	
0.00000000	-0.00004500	-0.00148704	0.00000000	0.00143223	
0.00000000	-0.00005735	-0.00144784	0.00000000	0.00138127	
0.00000000	-0.00005061	-0.00152988	0.00000000	0.00147016	
0.00000000	-0.00005381	-0.00152496	0.00000000	0.00146179	
0.00000000	-0.00007517	-0.00155366	0.00000000	0.00146969	
0.00000000	-0.00010783	-0.00177604	0.00000000	0.00166048	
0.00000000	-0.00007705	-0.00194572	0.00000000	0.00186155	
0.00000000	-0.00006398	-0.00195975	0.00000000	0.00188821	
0.00000000	-0.00007590	-0.00193468	0.00000000	0.00185142	
0.00000000	-0.00007008	-0.00201028	0.00000000	0.00193346	
0.00000000	-0.00006392	-0.00206463	0.00000000	0.00199361	
0.00000000	-0.00006155	-0.00198878	0.00000000	0.00191967	
0.00000000	-0.00007074	-0.00194634	0.00000000	0.00186812	
0.00000000	-0.00006140	-0.00200175	0.00000000	0.00193297	
0.00000000	-0.00009791	-0.00212897	0.00000000	0.00202424	
0.00000000	-0.00006181	-0.00216778	0.00000000	0.00209935	
0.00000000	-0.00004768	-0.00207930	0.00000000	0.00202401	
0.00000000	-0.00008033	-0.00197245	0.00000000	0.00188435	
0.00000000	-0.00010987	-0.00216701	0.00000000	0.00205096	
0.00000000	-0.00012518	-0.00252289	0.00000000	0.00239290	
0.00000000	-0.00013037	-0.00286686	0.00000000	0.00273338	
0.00000000	-0.00012701	-0.00318119	0.00000000	0.00305196	
0.00000000	-0.00010774	-0.00347083	0.00000000	0.00336253	
0.19191675	0.00050907	-0.00275268	0.00077549	0.00332997	
0.37845322	0.00141659	-0.00128911	0.00206092	0.00289358	
0.55961150	0.00223982	-0.00024732	0.00319925	0.00278697	
0.73539370	0.00120304	-0.00134106	0.00198278	0.00274228	
0.90580183	0.00272381	0.00027938	0.00407734	0.00283970	
1.07083809	0.00230767	-0.00020273	0.00341127	0.00287031	
1.23050451	0.00282169	0.00059978	0.00420872	0.00265056	
1.38480330	0.00326969	0.00123645	0.00487953	0.00252988	
1.53373623	0.00332564	0.00127011	0.00502645	0.00257600	
1.67730570	0.00341333	0.00135938	0.00523519	0.00260036	
1.81551373	0.00367520	0.00157597	0.00570455	0.00269610	
1.94836235	0.00393169	0.00187816	0.00613249	0.00269445	
2.07585359	0.00383948	0.00171845	0.00625988	0.00277469	
2.19798970	0.00404045	0.00183377	0.00661076	0.00290201	
2.31477261	0.00395312	0.00165159	0.00652270	0.00300365	
2.42620444	0.00394720	0.00166183	0.00645106	0.00299460	
2.53228736	0.00207777	-0.00054989	0.00417938	0.00313574	
2.63302326	0.00319403	0.00077886	0.00546393	0.00306273	
2.72841454	0.00379007	0.00155464	0.00619888	0.00295867	
2.81846309	0.00245885	-0.00007787	0.00466019	0.00311985	
2.90317082	0.00312655	0.00085632	0.00554606	0.00293561	
2.98254013	0.00347876	0.00136014	0.00622219	0.00283442	
3.05657291	0.00361040	0.00149289	0.00658254	0.00286583	
3.12527132	0.00394329	0.00181304	0.00707453	0.00293760	
3.18863726	0.00354992	0.00116615	0.00679023	0.00317631	
3.24667311	0.00389349	0.00141813	0.00740168	0.00333346	
3.29938054	0.00366472	0.00113148	0.00710212	0.00337231	
3.34676218	0.00425763	0.00178243	0.00843796	0.00340508	
3.38881969	0.00435871	0.00175574	0.00804061	0.00355831	
3.42555523	0.00433102	0.00160386	0.00816613	0.00368255	
3.45697093	0.00427284	0.00167707	0.00872138	0.00356722	
3.48306894	0.00416319	0.00141516	0.00907085	0.00373777	
3.50385094	0.00437055	0.00153021	0.00929295	0.00387519	
3.51931953	0.00455032	0.00152809	0.00960079	0.00409300	
3.52947664	0.00484641	0.00197799	0.00856148	0.00394818	
3.53432393	0.00511807	0.00260362	0.00873208	0.00357939	
3.53386402	0.00488528	0.00260530	0.00842458	0.00329249	
3.53340411	0.00407943	0.00169531	0.00822088	0.00331635	
3.53294444	0.00454929	0.00225307	0.00845976	0.00328486	
3.53248453	0.00466130	0.00241344	0.00872254	0.00324915	
3.53202486	0.00387450	0.00140242	0.00850302	0.00340354	
3.53156519	0.00436641	0.00185472	0.00961254	0.00353167	
3.53110576	0.00444101	0.00186569	0.00884874	0.00360340	
3.53064609	0.00445225	0.00188850	0.00870145	0.00360232	
3.53018665	0.00450378	0.00195903	0.00863746	0.00358776	
3.52972722	0.00465395	0.00229003	0.00813789	0.00338797	
3.52926803	0.00440583	0.00220631	0.00781460	0.00317141	
3.52880859	0.00434410	0.00229907	0.00776177	0.00299014	
3.52834940	0.00440979	0.00245489	0.00785073	0.00291283	
3.52789021	0.00313529	0.00086937	0.00655459	0.00308629	
3.52743125	0.00405525	0.00195349	0.00800053	0.00304243	
3.52697206	0.00428710	0.00217183	0.00831478	0.00309587	
3.52651310	0.00425181	0.00206355	0.00831586	0.00317962	
3.52605414	0.00417492	0.00187935	0.00850381	0.00330061	
3.52559543	0.00431242	0.00193688	0.00892737	0.00341765	
3.52513647	0.00425426	0.00179907	0.00843289	0.00349759	
3.52467775	0.00420719	0.00180899	0.00793733	0.00340988	
3.52421904	0.00364879	0.00126086	0.00694219	0.00331682	
3.52376056	0.00323470	0.00082838	0.00640964	0.00327335	
3.52330184	0.00391205	0.00169825	0.00740131	0.00315115	
3.52284336	0.00410494	0.00189415	0.00839169	0.00319225	
3.52238488	0.00418570	0.00186773	0.00794154	0.00331348	
3.52192664	0.00455513	0.00232165	0.00840128	0.00325244	
3.52146816	0.00457307	0.00242991	0.00852857	0.00315395	
3.52100992	0.00450234	0.00236960	0.00853056	0.00314026	
3.52055168	0.00416402	0.00184651	0.00894111	0.00332380	
3.52009368	0.00421402	0.00179944	0.00847917	0.00342965	
3.51963544	0.00429638	0.00190337	0.00872385	0.00341608	
3.51917744	0.00444523	0.00210422	0.00906378	0.00337776	
3.51871943	0.00438890	0.00197111	0.00899995	0.00346175	
3.51826167	0.00428593	0.00171634	0.00826734	0.00360354	
3.51780367	0.00327981	0.00045322	0.00709958	0.00373929	
3.51734591	0.00445953	0.00192030	0.00944975	0.00358726	
3.51688814	0.00440816	0.00180308	0.00948633	0.00366676	
3.51643062	0.00412099	0.00132964	0.00918353	0.00384679	
3.51597285	0.00454010	0.00182009	0.00918496	0.00381356	
3.51551533	0.00447018	0.00187711	0.00855556	0.00364970	
3.51505780	0.00464859	0.00224560	0.00877128	0.00346506	
3.51460052	0.00449145	0.00211052	0.00871868	0.00342094	
3.51414299	0.00438182	0.00194373	0.00913084	0.00347995	
3.51368570	0.00422411	0.00165638	0.00937456	0.00361329	
3.51322842	0.00412030	0.00139328	0.00931594	0.00379174	
3.51277137	0.00378754	0.00085310	0.00899465	0.00398095	
3.51231408	0.00376977	0.00071573	0.00967429	0.00412205	
3.51185703	0.00359470	0.00032763	0.01030435	0.00436123	
3.51139998	0.00417588	0.00093163	0.00992168	0.00440759	
3.51094317	0.00430259	0.00111206	0.00963578	0.00436883	
3.51048613	0.00448119	0.00144003	0.00914283	0.00421168	
3.51002932	0.00354091	0.00047524	0.00799324	0.00410019	
3.50957251	0.00452027	0.00182973	0.00891725	0.00381287	
3.50911593	0.00465264	0.00210893	0.00868983	0.00366717	
3.50865912	0.00228223	-0.00078541	0.00673742	0.00393591	
3.50820255	0.00394885	0.00113864	0.00878845	0.00388308	
3.50774598	0.00463642	0.00196557	0.00930877	0.00380729	
3.50728965	0.00448333	0.00181781	0.00942498	0.00378972	
3.50683308	0.00435183	0.00166452	0.00909086	0.00379316	
3.50637674	0.00447006	0.00182440	0.00861123	0.00376632	
3.50592041	0.00190104	-0.00126337	0.00562496	0.00399410	
3.50546408	0.00426959	0.00160711	0.00845679	0.00375439	
3.50500798	0.00369510	0.00092388	0.00766356	0.00380072	
3.50455189	0.00261727	-0.00049180	0.00677840	0.00403527	
3.50409579	0.00361735	0.00044856	0.00808077	0.00421335	
3.50363970	0.00398111	0.00063832	0.00817921	0.00441036	
3.50318384	0.00442223	0.00113600	0.00864035	0.00438722	
3.50272799	0.00452840	0.00138128	0.00836188	0.00423120	
3.50227213	0.00478053	0.00188461	0.00862845	0.00397951	
3.50181627	0.00464891	0.00183978	0.00854299	0.00387871	
3.50136065	0.00386739	0.00083773	0.00772673	0.00403287	
3.50090504	0.00375710	0.00068653	0.00741004	0.00405195	
3.50044942	0.00273106	-0.00050414	0.00644046	0.00409819	
3.49999380	0.00449893	0.00167245	0.00853766	0.00388436	
3.49953842	0.00452604	0.00169877	0.00877641	0.00390159	
3.49908304	0.00458481	0.00177899	0.00851740	0.00387645	
3.49862766	0.00409541	0.00125815	0.00806740	0.00384679	
3.49817228	0.00442022	0.00164265	0.00851520	0.00383660	
3.49771714	0.00388832	0.00100626	0.00744931	0.00386730	
3.49726200	0.00459266	0.00202759	0.00814037	0.00359293	
3.49680686	0.00443985	0.00197398	0.00829924	0.00347536	
3.49635172	0.00380128	0.00109216	0.00782268	0.00368038	
3.49589682	0.00373629	0.00089436	0.00741884	0.00380822	
3.49544168	0.00426532	0.00151114	0.00821295	0.00378840	
3.49498677	0.00332322	0.00030431	0.00666048	0.00394588	
3.49453211	0.00390190	0.00106441	0.00709775	0.00377710	
3.49407721	0.00453638	0.00200348	0.00809793	0.00352703	
3.49362254	0.00441348	0.00191280	0.00799156	0.00348514	
3.49316788	0.00405708	0.00143076	0.00768695	0.00358677	
3.49271345	0.00385127	0.00102954	0.00760799	0.00378586	
3.49225879	0.00266408	-0.00059153	0.00693661	0.00411016	
3.49180436	0.00415697	0.00104589	0.00860310	0.00416457	
3.49134994	0.00429674	0.00121731	0.00779242	0.00412710	
3.49089551	0.00235145	-0.00079138	0.00481510	0.00389860	
3.49044132	0.00119085	-0.00173057	0.00342129	0.00351669	
3.48998713	0.00234178	-0.00045474	0.00528421	0.00355345	
3.48953295	0.00281592	0.00003079	0.00620132	0.00362312	
3.48907876	0.00263561	-0.00030702	0.00612673	0.00377656	
3.48862481	0.00366287	0.00093217	0.00704299	0.00366899	
3.48817062	0.00359963	0.00094417	0.00690926	0.00357382	
3.48771667	0.00406048	0.00155526	0.00777397	0.00347065	
3.48726296	0.00412473	0.00152444	0.00796763	0.00357967	
3.48680902	0.00350644	0.00079756	0.00622529	0.00359371	
3.48635530	0.00228740	-0.00033921	0.00441868	0.00330255	
3.48590159	0.00368980	0.00169276	0.00624888	0.00281861	
3.48544788	0.00366750	0.00175934	0.00630369	0.00271786	
3.48499441	0.00384449	0.00196592	0.00651333	0.00270785	
3.48454094	0.00340380	0.00133176	0.00647413	0.00287452	
3.48408747	0.00308228	0.00075303	0.00619994	0.00312317	
3.48363400	0.00327792	0.00095370	0.00666409	0.00316771	
3.48318076	0.00326848	0.00077916	0.00639838	0.00333916	
3.48272729	0.00217485	-0.00061776	0.00499970	0.00351828	
3.48227406	0.00372559	0.00129259	0.00751368	0.00334819	
3.47673368	0.00341314	0.00083594	0.00708505	0.00347099	
3.46610332	0.00355755	0.00084248	0.00692374	0.00363862	
3.45038033	0.00253628	-0.00046579	0.00565791	0.00381070	
3.42956185	0.00251165	-0.00031914	0.00506100	0.00360708	
3.40364480	0.00298961	0.00045253	0.00544835	0.00331691	
3.37262535	0.00218203	-0.00024026	0.00401284	0.00305650	
3.33650017	0.00108221	-0.00106036	0.00238479	0.00258506	
3.29526472	0.00202494	0.00021565	0.00374626	0.00235052	
3.24891520	0.00235385	0.00060725	0.00439567	0.00233332	
3.19744658	0.00201474	0.00007239	0.00423735	0.00250183	
3.14085340	0.00285890	0.00105518	0.00497024	0.00244199	
3.07913041	0.00280599	0.00103328	0.00498810	0.00239538	
3.01227117	0.00272159	0.00086045	0.00504511	0.00247664	
2.94026875	0.00264752	0.00068962	0.00515210	0.00256824	
2.86311579	0.00257060	0.00051557	0.00485921	0.00265557	
2.78080344	0.00232672	0.00014928	0.00442254	0.00274744	
2.69332290	0.00205395	-0.00023582	0.00381131	0.00282158	
2.60066319	0.00091769	-0.00155006	0.00245602	0.00285800	
2.50281286	0.00178685	-0.00060912	0.00346572	0.00288352	
2.39975858	0.00163895	-0.00072776	0.00315051	0.00280340	
2.29148507	0.00204469	-0.00008508	0.00371809	0.00259702	
2.17797518	0.00197429	-0.00014812	0.00352903	0.00256727	
2.05920887	0.00205317	-0.00004214	0.00371384	0.00253626	
1.93516278	0.00191273	-0.00033170	0.00348207	0.00266982	
1.80580950	0.00162459	-0.00082614	0.00286870	0.00282307	
1.67111611	0.00160637	-0.00069425	0.00266442	0.00264004	
1.53104305	0.00158270	-0.00049483	0.00258969	0.00239682	
1.38554132	0.00160712	-0.00039890	0.00259277	0.00230797	
1.23454940	0.00171095	-0.00028966	0.00274358	0.00230521	
1.07798755	0.00167395	-0.00039109	0.00266851	0.00235150	
0.91574889	0.00172357	-0.00032850	0.00268074	0.00233047	
0.74768370	0.00122552	-0.00093369	0.00190870	0.00236686	
0.57356840	0.00023475	-0.00181593	0.00049482	0.00212003	
0.39303648	0.00020805	-0.00151550	0.00041075	0.00177036	
0.20538986	-0.00011175	-0.00163073	0.00000000	0.00153031	
0.00000000	-0.00007363	-0.00150176	0.00000000	0.00142586	
0.00000000	-0.00008906	-0.00157514	0.00000000	0.00148429	
0.00000000	-0.00009400	-0.00163232	0.00000000	0.00153661	
0.00000000	-0.00010857	-0.00169855	0.00000000	0.00158887	
0.00000000	-0.00008763	-0.00176356	0.00000000	0.00167554	
0.00000000	-0.00007920	-0.00170666	0.00000000	0.00162542	
0.00000000	-0.00008971	-0.00157358	0.00000000	0.00148106	
0.00000000	-0.00010635	-0.00157756	0.00000000	0.00146867	
0.00000000	-0.00012380	-0.00170434	0.00000000	0.00157901	
0.00000000	-0.00011033	-0.00181342	0.00000000	0.00170183	
0.00000000	-0.00009378	-0.00185529	0.00000000	0.00176092	
0.00000000	-0.00007216	-0.00177171	0.00000000	0.00169719	
0.00000000	-0.00009073	-0.00157141	0.00000000	0.00147737	
0.00000000	-0.00012523	-0.00158205	0.00000000	0.00145424	
0.00000000	-0.00013775	-0.00171707	0.00000000	0.00157779	
0.00000000	-0.00012029	-0.00192685	0.00000000	0.00180666	
0.00000000	-0.00010473	-0.00208376	0.00000000	0.00197958	
0.00000000	-0.00007085	-0.00195542	0.00000000	0.00188346	
0.00000000	-0.00006320	-0.00167388	0.00000000	0.00160709	
0.00000000	-0.00007505	-0.00147520	0.00000000	0.00139589	
0.00000000	-0.00010938	-0.00154494	0.00000000	0.00143246	
0.00000000	-0.00009579	-0.00170100	0.00000000	0.00160330	
0.00000000	-0.00008099	-0.00178342	0.00000000	0.00170034	
0.00000000	-0.00008300	-0.00180207	0.00000000	0.00171693	
0.00000000	-0.00007934	-0.00169785	0.00000000	0.00161506	
0.00000000	-0.00009586	-0.00156003	0.00000000	0.00146035	
0.00000000	-0.00011078	-0.00158101	0.00000000	0.00146659	
0.00000000	-0.00010191	-0.00163654	0.00000000	0.00153158	
0.00000000	-0.00013803	-0.00182386	0.00000000	0.00168422	
0.00000000	-0.00010434	-0.00201062	0.00000000	0.00190605	
0.00000000	-0.00007026	-0.00199290	0.00000000	0.00192075	
0.00000000	-0.00007005	-0.00173780	0.00000000	0.00166396	
0.00000000	-0.00006526	-0.00151503	0.00000000	0.00144489	
0.00000000	-0.00006113	-0.00138529	0.00000000	0.00131858	
0.00000000	-0.00007766	-0.00133883	0.00000000	0.00125536	
0.00000000	-0.00008756	-0.00138517	0.00000000	0.00129251	
0.00000000	-0.00010286	-0.00159069	0.00000000	0.00148456	
0.00000000	-0.00007182	-0.00174444	0.00000000	0.00166951	
0.00000000	-0.00005646	-0.00162190	0.00000000	0.00156026	
0.00000000	-0.00005839	-0.00136429	0.00000000	0.00129981	
0.00000000	-0.00005091	-0.00126539	0.00000000	0.00120801	
0.00000000	-0.00004720	-0.00115566	0.00000000	0.00110084	
0.00000000	-0.00004894	-0.00103201	0.00000000	0.00097481	
0.00000000	-0.00005551	-0.00097557	0.00000000	0.00091151	
0.00000000	-0.00006422	-0.00100633	0.00000000	0.00093414	
0.00000000	-0.00008912	-0.00115334	0.00000000	0.00105730	
0.00000000	-0.00006912	-0.00125083	0.00000000	0.00117519	
0.00000000	-0.00005226	-0.00123086	0.00000000	0.00117150	
0.00000000	-0.00004911	-0.00115336	0.00000000	0.00109670	
0.00000000	-0.00005856	-0.00110337	0.00000000	0.00103686	
0.00000000	-0.00006609	-0.00114242	0.00000000	0.00106918	
0.00000000	-0.00007441	-0.00127683	0.00000000	0.00119587	
0.00000000	-0.00008417	-0.00142593	0.00000000	0.00133613	
0.00000000	-0.00006372	-0.00148377	0.00000000	0.00141443	
0.00000000	-0.00005465	-0.00139390	0.00000000	0.00133247	
0.00000000	-0.00006157	-0.00123394	0.00000000	0.00116485	
0.00000000	-0.00005513	-0.00117199	0.00000000	0.00110932	
0.00000000	-0.00005766	-0.00115537	0.00000000	0.00108978	
0.00000000	-0.00004769	-0.00112105	0.00000000	0.00106530	
0.00000000	-0.00004231	-0.00104710	0.00000000	0.00099602	
0.00000000	-0.00005500	-0.00100667	0.00000000	0.00094294	
0.00000000	-0.00006364	-0.00106453	0.00000000	0.00099272	
